KMC 1+1 simulation started

Simulation parameters:
=====================================================
       substrate_lattice_constant [A] = 2.71500
          adatom_lattice_constant [A] = 2.83000
             vertical_lat_spacing [A] = 2.86833
      spring_const_neighbors [eV/A/A] = 2.15025
 spring_const_next_neighbors [eV/A/A] = 1.07513
                     misfit_coeff [A] = 0.04236
                              D [1/s] = 5.19588e+12
                               E [eV] = 0.53000
                     bond_energy [eV] = 0.40000
                               grid_x = 500
                               grid_y = 80
                     substrate_height = 16
           local_relaxation_range_min = 10
           local_relaxation_range_max = 10
                     time_fluence [s] = 8.000
                  simulation_time [s] = 2.000
                      diffusion_range = 8
              deposition_speed [ML/s] = 0.080
                      temperature [K] = 600
=====================================================

           iter       sim_time      new_atoms         pr_acc   real_time[s]        duv_max
           1000       0.002018              1         1.0000            0.8          0.437
           2000       0.002891              2         1.0000            1.7          0.438
           3000       0.004516              3         1.0000            2.6          0.438
           4000       0.004985              5         1.0000            3.5          0.438
           5000       0.007603              7         1.0000            4.5          0.439
           6000       0.009646              9         1.0000            5.4          0.439
           7000       0.013024             10         1.0000            6.3          0.441
           8000       0.016684             14         1.0000            7.2          0.441
           9000       0.018544             15         1.0000            8.1          0.441
          10000       0.020746             17         1.0000            9.0          0.441
          11000       0.025384             19         1.0000           10.0          0.440
          12000       0.028792             21         0.9999           10.9          0.442
          13000       0.034572             25         0.9998           11.8          0.445
          14000       0.037247             27         0.9997           12.8          0.449
          15000       0.039040             30         0.9997           13.7          0.449
          16000       0.039905             31         0.9997           14.6          0.451
          17000       0.043760             35         0.9998           15.5          0.454
          18000       0.044700             37         0.9998           16.4          0.458
          19000       0.045268             38         0.9998           17.3          0.458
          20000       0.049790             42         0.9998           18.3          0.461
          21000       0.052038             45         0.9998           19.2          0.462
          22000       0.052691             46         0.9998           20.1          0.462
          23000       0.055536             47         0.9998           21.0          0.463
          24000       0.056999             48         0.9998           22.0          0.463
          25000       0.059678             52         0.9998           22.9          0.464
          26000       0.062829             54         0.9998           23.8          0.463
          27000       0.066914             59         0.9998           24.8          0.466
          28000       0.067636             60         0.9998           25.7          0.468
          29000       0.069985             61         0.9997           26.6          0.469
          30000       0.073015             64         0.9996           27.5          0.466
          31000       0.074630             65         0.9996           28.5          0.467
          32000       0.075235             67         0.9996           29.4          0.467
          33000       0.078627             69         0.9996           30.3          0.465
          34000       0.080662             70         0.9996           31.2          0.466
          35000       0.083775             72         0.9996           32.2          0.466
          36000       0.089954             77         0.9996           33.1          0.471
          37000       0.091924             79         0.9996           34.0          0.471
          38000       0.094835             83         0.9996           34.9          0.473
          39000       0.097534             87         0.9996           35.8          0.476
          40000       0.101357             90         0.9995           36.7          0.477
          41000       0.103530             92         0.9995           37.6          0.478
          42000       0.107031             95         0.9995           38.5          0.479
          43000       0.108681             97         0.9995           39.5          0.478
          44000       0.112206            100         0.9995           40.4          0.478
          45000       0.116097            106         0.9995           41.4          0.479
          46000       0.121364            112         0.9995           42.3          0.482
          47000       0.124487            115         0.9994           43.3          0.484
          48000       0.126711            118         0.9995           44.2          0.483
          49000       0.128189            120         0.9994           45.1          0.483
          50000       0.131807            121         0.9994           46.0          0.482
          51000       0.135004            123         0.9994           46.9          0.483
          52000       0.138073            127         0.9994           47.8          0.481
          53000       0.139950            128         0.9994           48.7          0.482
          54000       0.143275            130         0.9994           49.6          0.474
          55000       0.146896            131         0.9993           50.5          0.472
          56000       0.149013            135         0.9993           51.5          0.473
          57000       0.152277            137         0.9993           52.4          0.480
          58000       0.154631            141         0.9993           53.3          0.480
          59000       0.158279            143         0.9993           54.2          0.477
          60000       0.161747            144         0.9993           55.2          0.478
          61000       0.166352            152         0.9992           56.1          0.479
          62000       0.169152            155         0.9992           57.0          0.479
          63000       0.173525            157         0.9992           57.9          0.481
          64000       0.175547            157         0.9992           58.8          0.481
          65000       0.179857            161         0.9992           59.7          0.483
          66000       0.183822            165         0.9991           60.7          0.484
          67000       0.186619            169         0.9991           61.6          0.490
          68000       0.190055            170         0.9991           62.5          0.493
          69000       0.192383            173         0.9991           63.5          0.492
          70000       0.197196            174         0.9991           64.5          0.476
          71000       0.199129            176         0.9991           65.4          0.473
          72000       0.201047            178         0.9991           66.3          0.477
          73000       0.202695            180         0.9991           67.2          0.478
          74000       0.206063            182         0.9990           68.2          0.479
          75000       0.209020            184         0.9990           69.1          0.464
          76000       0.213220            188         0.9990           70.0          0.462
          77000       0.216760            193         0.9989           70.9          0.463
          78000       0.220831            200         0.9989           71.8          0.468
          79000       0.224064            206         0.9989           72.7          0.475
          80000       0.226122            208         0.9989           73.6          0.470
          81000       0.227972            210         0.9989           74.6          0.465
          82000       0.229813            211         0.9989           75.5          0.471
          83000       0.234118            214         0.9989           76.5          0.470
          84000       0.237468            215         0.9989           77.4          0.505
          85000       0.241273            217         0.9989           78.4          0.474
          86000       0.244602            224         0.9989           79.3          0.496
          87000       0.247242            226         0.9988           80.2          0.498
          88000       0.251402            228         0.9988           81.2          0.474
          89000       0.254714            231         0.9988           82.1          0.477
          90000       0.258975            235         0.9988           83.1          0.514
          91000       0.262277            238         0.9988           84.0          0.470
          92000       0.266249            239         0.9988           85.0          0.490
          93000       0.270047            241         0.9987           85.9          0.464
          94000       0.273010            244         0.9987           86.9          0.462
          95000       0.275192            246         0.9987           87.8          0.548
          96000       0.277328            246         0.9987           88.7          0.548
          97000       0.281645            248         0.9987           89.6          0.549
          98000       0.285219            249         0.9986           90.6          0.589
          99000       0.290250            254         0.9986           91.5          0.608
         100000       0.293718            258         0.9986           92.4          0.561
         101000       0.296109            263         0.9986           93.3          0.564
         102000       0.299764            266         0.9986           94.2          0.561
         103000       0.303828            273         0.9985           95.2          0.552
         104000       0.307443            275         0.9985           96.1          0.531
         105000       0.311399            278         0.9985           97.1          0.586
         106000       0.313913            281         0.9985           98.0          0.564
         107000       0.317030            284         0.9985           99.0          0.537
         108000       0.321087            290         0.9985           99.9          0.564
         109000       0.324038            292         0.9985          100.9          0.608
         110000       0.327872            293         0.9985          101.8          0.536
         111000       0.331162            294         0.9985          102.8          0.508
         112000       0.333680            297         0.9985          103.8          0.560
         113000       0.335438            298         0.9985          104.8          0.501
         114000       0.338733            303         0.9985          105.7          0.498
         115000       0.341280            305         0.9985          106.7          0.507
         116000       0.344736            308         0.9985          107.7          0.493
         117000       0.349032            311         0.9985          108.6          0.489
         118000       0.351660            314         0.9985          109.5          0.509
         119000       0.353896            319         0.9985          110.4          0.512
         120000       0.356780            322         0.9985          111.4          0.513
         121000       0.360094            325         0.9984          112.3          0.555
         122000       0.363792            330         0.9984          113.3          0.583
         123000       0.366867            333         0.9984          114.2          0.626
         124000       0.370137            337         0.9984          115.2          0.572
         125000       0.372900            339         0.9984          116.2          0.630
         126000       0.376657            340         0.9984          117.1          0.509
         127000       0.380749            343         0.9983          118.0          0.605
         128000       0.383417            344         0.9983          119.0          0.605
         129000       0.387434            350         0.9983          120.0          0.652
         130000       0.390351            353         0.9983          120.9          0.649
         131000       0.393582            356         0.9983          121.9          0.652
         132000       0.396646            361         0.9983          122.8          0.537
         133000       0.399540            367         0.9983          123.8          0.539
         134000       0.403323            371         0.9983          124.7          0.638
         135000       0.406188            375         0.9982          125.6          0.654
         136000       0.408805            377         0.9982          126.5          0.647
         137000       0.411576            380         0.9983          127.5          0.599
         138000       0.414508            382         0.9982          128.4          0.602
         139000       0.417758            387         0.9982          129.4          0.599
         140000       0.420960            392         0.9982          130.3          0.580
         141000       0.423361            394         0.9982          131.3          0.589
         142000       0.426430            397         0.9982          132.2          0.626
         143000       0.431536            400         0.9982          133.2          0.593
         144000       0.434428            403         0.9982          134.1          0.584
         145000       0.437102            403         0.9982          135.0          0.580
         146000       0.439618            408         0.9982          135.9          0.621
         147000       0.444023            411         0.9982          136.9          0.579
         148000       0.447444            415         0.9982          137.8          0.582
         149000       0.451582            418         0.9982          138.8          0.645
         150000       0.455461            421         0.9981          139.7          0.629
         151000       0.459213            424         0.9982          140.7          0.600
         152000       0.463804            428         0.9982          141.6          0.585
         153000       0.467414            430         0.9982          142.6          0.562
         154000       0.470119            432         0.9982          143.5          0.573
         155000       0.473503            436         0.9982          144.5          0.579
         156000       0.476192            438         0.9982          145.4          0.632
         157000       0.479585            442         0.9982          146.4          0.596
         158000       0.482557            444         0.9982          147.4          0.590
         159000       0.485212            447         0.9981          148.3          0.565
         160000       0.489606            453         0.9981          149.3          0.552
         161000       0.492121            461         0.9981          150.3          0.556
         162000       0.495257            463         0.9981          151.2          0.615
         163000       0.499335            466         0.9981          152.2          0.568
         164000       0.502423            470         0.9981          153.1          0.614
         165000       0.505034            474         0.9981          154.1          0.617
         166000       0.507638            476         0.9981          155.0          0.558
         167000       0.510706            480         0.9981          155.9          0.580
         168000       0.514144            484         0.9981          156.9          0.650
         169000       0.517460            488         0.9981          157.9          0.614
         170000       0.520942            493         0.9980          158.8          0.633
         171000       0.524690            497         0.9981          159.8          0.664
         172000       0.527794            502         0.9980          160.7          0.691
         173000       0.531656            505         0.9980          161.7          0.634
         174000       0.534946            506         0.9980          162.6          0.569
         175000       0.538281            509         0.9980          163.6          0.649
         176000       0.541621            511         0.9980          164.6          0.661
         177000       0.545074            515         0.9980          165.5          0.648
         178000       0.547687            522         0.9980          166.5          0.649
         179000       0.551575            526         0.9980          167.4          0.704
         180000       0.554298            531         0.9980          168.4          0.702
         181000       0.556966            534         0.9980          169.3          0.714
         182000       0.559658            536         0.9980          170.3          0.685
         183000       0.562687            539         0.9980          171.2          0.729
         184000       0.565781            543         0.9980          172.1          0.733
         185000       0.570099            544         0.9980          173.1          0.689
         186000       0.574096            547         0.9980          174.0          0.695
         187000       0.577336            553         0.9980          175.0          0.660
         188000       0.580731            556         0.9979          175.9          0.693
         189000       0.583366            561         0.9979          176.9          0.686
         190000       0.586601            564         0.9979          177.9          0.658
         191000       0.590800            567         0.9979          178.8          0.681
         192000       0.594023            571         0.9979          179.8          0.737
         193000       0.597616            575         0.9979          180.8          0.652
         194000       0.601192            576         0.9979          181.7          0.652
         195000       0.604823            581         0.9979          182.7          0.631
         196000       0.607975            585         0.9979          183.6          0.637
         197000       0.612214            590         0.9979          184.6          0.582
         198000       0.614931            593         0.9979          185.6          0.608
         199000       0.617481            597         0.9979          186.5          0.628
         200000       0.621122            599         0.9979          187.5          0.613
         201000       0.623851            602         0.9979          188.4          0.622
         202000       0.627396            604         0.9979          189.4          0.704
         203000       0.630946            610         0.9978          190.3          0.692
         204000       0.633761            611         0.9978          191.3          0.651
         205000       0.637637            614         0.9978          192.3          0.693
         206000       0.641766            621         0.9978          193.2          0.620
         207000       0.644820            626         0.9978          194.2          0.617
         208000       0.648686            627         0.9978          195.2          0.619
         209000       0.652791            628         0.9978          196.2          0.758
         210000       0.656097            635         0.9978          197.2          0.675
         211000       0.657838            638         0.9978          198.2          0.672
         212000       0.661136            640         0.9978          199.2          0.643
         213000       0.664173            645         0.9978          200.2          0.681
         214000       0.667793            649         0.9978          201.1          0.702
         215000       0.671474            653         0.9978          202.1          0.738
         216000       0.674851            659         0.9978          203.1          0.673
         217000       0.677727            663         0.9978          204.0          0.698
         218000       0.680435            667         0.9978          205.0          0.748
         219000       0.683240            670         0.9978          205.9          0.754
         220000       0.686431            672         0.9978          206.9          0.661
         221000       0.688913            674         0.9977          207.9          0.635
         222000       0.692122            680         0.9977          208.8          0.626
         223000       0.695334            681         0.9977          209.8          0.637
         224000       0.698702            685         0.9977          210.8          0.604
         225000       0.701828            689         0.9977          211.8          0.600
         226000       0.704482            690         0.9977          212.7          0.560
         227000       0.707779            692         0.9977          213.7          0.636
         228000       0.711168            696         0.9976          214.6          0.639
         229000       0.714737            701         0.9976          215.6          0.624
         230000       0.717498            705         0.9976          216.5          0.653
         231000       0.720339            711         0.9976          217.5          0.662
         232000       0.722887            714         0.9976          218.5          0.628
         233000       0.726718            717         0.9976          219.4          0.671
         234000       0.730424            723         0.9976          220.4          0.643
         235000       0.733865            726         0.9976          221.3          0.592
         236000       0.737895            731         0.9976          222.3          0.666
         237000       0.740781            732         0.9976          223.3          0.674
         238000       0.743838            737         0.9975          224.2          0.669
         239000       0.746416            741         0.9975          225.2          0.634
         240000       0.749434            746         0.9975          226.2          0.635
         241000       0.752461            751         0.9975          227.2          0.660
         242000       0.755440            752         0.9975          228.1          0.730
         243000       0.759835            757         0.9975          229.1          0.711
         244000       0.763242            759         0.9975          230.1          0.636
         245000       0.766308            763         0.9975          231.1          0.637
         246000       0.769102            764         0.9975          232.1          0.677
         247000       0.772301            767         0.9975          233.0          0.655
         248000       0.776599            775         0.9975          234.0          0.637
         249000       0.779594            779         0.9975          235.0          0.702
         250000       0.783228            782         0.9975          236.0          0.626
         251000       0.785945            785         0.9974          237.0          0.671
         252000       0.788822            788         0.9974          238.0          0.629
         253000       0.791802            790         0.9974          238.9          0.658
         254000       0.795783            792         0.9974          239.9          0.710
         255000       0.798091            794         0.9974          240.9          0.702
         256000       0.801054            799         0.9974          241.9          0.695
         257000       0.804235            800         0.9974          242.8          0.684
         258000       0.806872            802         0.9974          243.8          0.704
         259000       0.811715            805         0.9974          244.8          0.699
         260000       0.814796            808         0.9974          245.8          0.737
         261000       0.818216            811         0.9974          246.7          0.688
         262000       0.820988            814         0.9974          247.7          0.743
         263000       0.823842            816         0.9973          248.7          0.755
         264000       0.827355            820         0.9973          249.7          0.708
         265000       0.831338            824         0.9973          250.7          0.693
         266000       0.835043            831         0.9973          251.6          0.724
         267000       0.838896            835         0.9973          252.6          0.708
         268000       0.842198            837         0.9973          253.6          0.703
         269000       0.845350            838         0.9973          254.6          0.658
         270000       0.848053            841         0.9973          255.5          0.718
         271000       0.850326            844         0.9973          256.5          0.712
         272000       0.854631            849         0.9973          257.5          0.674
         273000       0.857777            851         0.9973          258.4          0.754
         274000       0.860754            854         0.9973          259.4          0.715
         275000       0.863470            855         0.9973          260.4          0.664
         276000       0.866144            858         0.9973          261.4          0.725
         277000       0.869920            862         0.9972          262.4          0.705
         278000       0.873204            865         0.9972          263.3          0.729
         279000       0.876663            872         0.9972          264.3          0.729
         280000       0.880527            878         0.9972          265.3          0.778
         281000       0.883136            881         0.9972          266.2          0.709
         282000       0.886030            882         0.9972          267.2          0.699
         283000       0.889035            884         0.9972          268.2          0.775
         284000       0.892178            887         0.9972          269.1          0.782
         285000       0.896152            890         0.9972          270.1          0.779
         286000       0.898720            892         0.9972          271.0          0.707
         287000       0.902838            899         0.9972          272.0          0.735
         288000       0.906614            902         0.9972          272.9          0.681
         289000       0.911028            908         0.9972          273.9          0.680
         290000       0.913769            911         0.9972          274.9          0.769
         291000       0.916265            913         0.9972          275.9          0.691
         292000       0.919507            913         0.9971          276.9          0.691
         293000       0.922783            916         0.9971          277.8          0.685
         294000       0.926595            918         0.9971          278.8          0.660
         295000       0.930284            919         0.9971          279.8          0.695
         296000       0.933142            921         0.9971          280.8          0.764
         297000       0.936210            923         0.9971          281.8          0.714
         298000       0.939479            923         0.9971          282.8          0.742
         299000       0.942999            926         0.9971          283.8          0.747
         300000       0.946241            931         0.9971          284.7          0.738
         301000       0.949091            935         0.9971          285.7          0.719
         302000       0.952146            937         0.9971          286.7          0.677
         303000       0.955557            939         0.9971          287.7          0.674
         304000       0.959784            943         0.9970          288.7          0.689
         305000       0.962111            946         0.9970          289.7          0.676
         306000       0.965036            947         0.9970          290.7          0.706
         307000       0.968492            951         0.9970          291.7          0.707
         308000       0.971225            952         0.9970          292.7          0.688
         309000       0.973796            954         0.9970          293.6          0.673
         310000       0.977085            956         0.9970          294.6          0.663
         311000       0.980733            958         0.9970          295.6          0.609
         312000       0.983595            958         0.9970          296.6          0.681
         313000       0.987213            961         0.9970          297.6          0.709
         314000       0.990750            963         0.9970          298.6          0.741
         315000       0.993803            969         0.9970          299.5          0.792
         316000       0.996460            972         0.9970          300.5          0.753
         317000       0.999354            978         0.9970          301.5          0.795
         318000       1.002271            981         0.9969          302.5          0.804
         319000       1.006318            984         0.9969          303.5          0.750
         320000       1.010361            989         0.9969          304.5          0.738
         321000       1.014883            993         0.9969          305.5          0.737
         322000       1.018221            995         0.9969          306.5          0.747
         323000       1.020744            999         0.9969          307.5          0.761
         324000       1.024354           1000         0.9969          308.4          0.737
         325000       1.026643           1001         0.9969          309.4          0.680
         326000       1.029700           1004         0.9969          310.4          0.764
         327000       1.032517           1006         0.9969          311.4          0.720
         328000       1.036337           1008         0.9969          312.3          0.736
         329000       1.039129           1011         0.9969          313.3          0.776
         330000       1.041902           1018         0.9969          314.3          0.777
         331000       1.044647           1021         0.9969          315.3          0.790
         332000       1.047416           1023         0.9969          316.2          0.764
         333000       1.050672           1027         0.9969          317.2          0.705
         334000       1.054778           1031         0.9969          318.2          0.698
         335000       1.057095           1035         0.9969          319.2          0.814
         336000       1.060877           1037         0.9969          320.2          0.740
         337000       1.062611           1038         0.9968          321.2          0.808
         338000       1.065302           1041         0.9968          322.1          0.747
         339000       1.068275           1044         0.9968          323.1          0.798
         340000       1.071391           1044         0.9968          324.1          0.820
         341000       1.075006           1048         0.9968          325.0          0.799
         342000       1.077766           1051         0.9968          326.0          0.807
         343000       1.082845           1059         0.9968          326.9          0.808
         344000       1.087403           1062         0.9968          327.9          0.811
         345000       1.090538           1064         0.9968          328.9          0.730
         346000       1.093447           1067         0.9968          329.8          0.748
         347000       1.096790           1068         0.9968          330.8          0.765
         348000       1.099935           1072         0.9968          331.8          0.801
         349000       1.102976           1076         0.9968          332.7          0.728
         350000       1.106370           1079         0.9968          333.7          0.760
         351000       1.109773           1082         0.9968          334.6          0.780
         352000       1.112297           1083         0.9968          335.6          0.782
         353000       1.115998           1086         0.9968          336.6          0.773
         354000       1.119707           1090         0.9967          337.6          0.792
         355000       1.122939           1095         0.9967          338.5          0.728
         356000       1.126416           1096         0.9967          339.5          0.820
         357000       1.130719           1102         0.9967          340.4          0.778
         358000       1.133291           1107         0.9967          341.4          0.817
         359000       1.135742           1110         0.9967          342.4          0.716
         360000       1.139872           1112         0.9967          343.5          0.668
         361000       1.143334           1114         0.9967          344.5          0.666
         362000       1.147399           1116         0.9967          345.5          0.639
         363000       1.150170           1117         0.9967          346.4          0.645
         364000       1.153763           1119         0.9966          347.4          0.720
         365000       1.156136           1121         0.9967          348.4          0.740
         366000       1.159897           1123         0.9966          349.4          0.683
         367000       1.162811           1128         0.9966          350.3          0.712
         368000       1.166031           1131         0.9966          351.3          0.763
         369000       1.169188           1136         0.9966          352.3          0.849
         370000       1.172616           1137         0.9966          353.2          0.861
         371000       1.175968           1139         0.9966          354.2          0.880
         372000       1.180130           1142         0.9966          355.2          0.763
         373000       1.182304           1145         0.9966          356.2          0.701
         374000       1.186468           1149         0.9966          357.2          0.674
         375000       1.189307           1151         0.9966          358.2          0.645
         376000       1.192451           1152         0.9966          359.2          0.701
         377000       1.196403           1160         0.9966          360.2          0.632
         378000       1.199472           1162         0.9966          361.1          0.726
         379000       1.201278           1166         0.9966          362.1          0.711
         380000       1.204794           1171         0.9966          363.1          0.754
         381000       1.208428           1174         0.9965          364.0          0.677
         382000       1.212355           1179         0.9965          365.0          0.735
         383000       1.215892           1179         0.9965          366.0          0.764
         384000       1.219786           1181         0.9965          367.0          0.724
         385000       1.222140           1181         0.9965          368.0          0.748
         386000       1.225301           1184         0.9965          369.0          0.808
         387000       1.229202           1188         0.9965          370.0          0.831
         388000       1.232112           1195         0.9965          370.9          0.850
         389000       1.234360           1197         0.9965          371.9          0.789
         390000       1.238141           1198         0.9965          372.9          0.838
         391000       1.241089           1199         0.9965          373.9          0.816
         392000       1.243521           1200         0.9965          374.9          0.827
         393000       1.247232           1201         0.9965          375.9          0.806
         394000       1.251501           1207         0.9965          376.9          0.758
         395000       1.255405           1209         0.9965          377.9          0.872
         396000       1.258917           1210         0.9965          378.9          0.832
         397000       1.262507           1216         0.9965          379.8          0.850
         398000       1.265922           1221         0.9965          380.8          0.812
         399000       1.268373           1226         0.9965          381.8          0.726
         400000       1.272415           1228         0.9965          382.7          0.824
         401000       1.274968           1230         0.9965          383.7          0.830
         402000       1.278874           1234         0.9965          384.7          0.854
         403000       1.281023           1237         0.9965          385.7          0.940
         404000       1.283688           1237         0.9965          386.7          0.901
         405000       1.285651           1240         0.9965          387.7          0.934
         406000       1.289456           1246         0.9965          388.7          0.949
         407000       1.292712           1250         0.9965          389.6          0.897
         408000       1.297420           1251         0.9965          390.6          0.846
         409000       1.301202           1254         0.9965          391.6          0.908
         410000       1.304825           1261         0.9965          392.6          0.845
         411000       1.308174           1262         0.9965          393.6          0.909
         412000       1.310719           1265         0.9965          394.6          0.899
         413000       1.313617           1269         0.9965          395.6          0.910
         414000       1.316912           1275         0.9965          396.6          0.806
         415000       1.320023           1279         0.9964          397.6          0.883
         416000       1.323122           1286         0.9964          398.5          0.852
         417000       1.327124           1290         0.9964          399.5          0.790
         418000       1.330580           1293         0.9964          400.5          0.901
         419000       1.334061           1299         0.9964          401.5          0.914
         420000       1.338083           1301         0.9964          402.5          0.902
         421000       1.341665           1303         0.9964          403.5          0.876
         422000       1.345684           1307         0.9964          404.5          0.898
         423000       1.348497           1310         0.9964          405.5          0.867
         424000       1.351660           1313         0.9963          406.5          0.895
         425000       1.353508           1313         0.9963          407.5          0.863
         426000       1.356858           1313         0.9963          408.5          0.828
         427000       1.360389           1315         0.9963          409.5          0.854
         428000       1.363690           1317         0.9963          410.5          0.793
         429000       1.366736           1320         0.9963          411.5          0.841
         430000       1.369695           1324         0.9963          412.5          0.907
         431000       1.371812           1324         0.9963          413.5          0.868
         432000       1.375139           1325         0.9963          414.5          0.849
         433000       1.378262           1328         0.9963          415.5          0.786
         434000       1.381418           1331         0.9963          416.5          0.826
         435000       1.384080           1333         0.9963          417.5          0.906
         436000       1.387477           1338         0.9963          418.4          0.886
         437000       1.391132           1341         0.9963          419.4          0.901
         438000       1.394072           1345         0.9963          420.4          0.916
         439000       1.398053           1351         0.9963          421.4          0.889
         440000       1.400622           1352         0.9963          422.4          0.930
         441000       1.403354           1354         0.9963          423.4          0.932
         442000       1.406869           1355         0.9963          424.4          0.942
         443000       1.410438           1359         0.9963          425.4          0.847
         444000       1.413397           1363         0.9963          426.4          0.844
         445000       1.416234           1366         0.9963          427.3          0.892
         446000       1.419700           1371         0.9963          428.3          0.847
         447000       1.423448           1375         0.9962          429.2          0.849
         448000       1.427393           1381         0.9962          430.2          0.866
         449000       1.430284           1382         0.9962          431.2          0.852
         450000       1.432703           1385         0.9962          432.1          0.931
         451000       1.435523           1388         0.9962          433.1          0.901
         452000       1.438398           1393         0.9962          434.1          0.904
         453000       1.441430           1397         0.9962          435.1          0.938
         454000       1.444434           1402         0.9962          436.1          0.837
         455000       1.446808           1405         0.9962          437.1          0.774
         456000       1.449553           1410         0.9962          438.0          0.887
         457000       1.452561           1414         0.9962          439.0          0.893
         458000       1.456164           1418         0.9962          440.0          0.918
         459000       1.459435           1420         0.9962          441.0          0.935
         460000       1.462756           1424         0.9962          442.0          0.955
         461000       1.465169           1427         0.9962          443.0          0.924
         462000       1.468403           1433         0.9962          444.0          0.827
         463000       1.471265           1437         0.9962          445.0          0.758
         464000       1.474834           1438         0.9961          446.0          0.796
         465000       1.477978           1444         0.9961          447.0          0.805
         466000       1.480916           1450         0.9961          448.0          0.814
         467000       1.483755           1452         0.9961          449.0          0.901
         468000       1.487214           1455         0.9961          450.0          0.952
         469000       1.491177           1456         0.9961          451.0          0.890
         470000       1.494330           1460         0.9961          452.0          0.890
         471000       1.498041           1465         0.9961          453.0          0.928
         472000       1.501897           1467         0.9961          453.9          0.851
         473000       1.504328           1468         0.9961          454.9          0.898
         474000       1.506893           1472         0.9961          455.9          0.890
         475000       1.509818           1473         0.9961          456.8          0.861
         476000       1.512870           1476         0.9961          457.8          0.869
         477000       1.516350           1478         0.9961          458.8          0.825
         478000       1.520000           1480         0.9960          459.8          0.867
         479000       1.522694           1482         0.9960          460.8          0.875
         480000       1.527086           1487         0.9960          461.8          0.819
         481000       1.529280           1490         0.9960          462.8          0.788
         482000       1.531989           1495         0.9960          463.8          0.750
         483000       1.535432           1498         0.9960          464.9          0.780
         484000       1.538420           1502         0.9960          465.9          0.778
         485000       1.541885           1506         0.9960          466.8          0.898
         486000       1.545372           1506         0.9960          467.8          0.904
         487000       1.548132           1508         0.9960          468.9          0.901
         488000       1.551987           1513         0.9960          469.8          0.796
         489000       1.554596           1514         0.9960          470.8          0.739
         490000       1.558482           1518         0.9960          471.8          0.895
         491000       1.561727           1521         0.9960          472.8          0.901
         492000       1.564618           1525         0.9960          473.8          0.921
         493000       1.567678           1526         0.9960          474.8          0.864
         494000       1.570558           1527         0.9960          475.7          0.920
         495000       1.574395           1529         0.9960          476.7          0.931
         496000       1.577627           1530         0.9960          477.6          0.930
         497000       1.581279           1533         0.9959          478.6          0.884
         498000       1.584011           1535         0.9959          479.6          0.889
         499000       1.586454           1539         0.9959          480.6          0.804
         500000       1.590270           1541         0.9959          481.6          0.788
         501000       1.592952           1544         0.9959          482.6          0.747
         502000       1.596178           1549         0.9959          483.6          0.785
         503000       1.598688           1553         0.9959          484.5          0.760
         504000       1.602552           1558         0.9959          485.5          0.746
         505000       1.605279           1560         0.9959          486.5          0.780
         506000       1.608813           1560         0.9958          487.5          0.798
         507000       1.612193           1562         0.9958          488.5          0.917
         508000       1.615540           1566         0.9958          489.4          0.947
         509000       1.618865           1570         0.9958          490.4          0.944
         510000       1.622521           1572         0.9958          491.4          0.806
         511000       1.626367           1576         0.9957          492.5          0.930
         512000       1.630187           1580         0.9957          493.5          0.935
         513000       1.633081           1583         0.9957          494.5          0.974
         514000       1.638034           1585         0.9957          495.5          0.831
         515000       1.642634           1588         0.9957          496.5          0.877
         516000       1.645064           1589         0.9957          497.5          0.879
         517000       1.648126           1593         0.9957          498.5          0.854
         518000       1.650694           1595         0.9957          499.4          0.883
         519000       1.654285           1598         0.9957          500.4          0.865
         520000       1.657840           1601         0.9957          501.4          0.869
         521000       1.661023           1602         0.9957          502.3          0.896
         522000       1.663482           1604         0.9957          503.3          0.834
         523000       1.666379           1608         0.9957          504.3          0.903
         524000       1.670005           1610         0.9957          505.3          0.723
         525000       1.673798           1616         0.9957          506.3          0.687
         526000       1.676762           1618         0.9957          507.2          0.765
         527000       1.680027           1619         0.9957          508.2          0.675
         528000       1.683526           1620         0.9956          509.2          0.683
         529000       1.686614           1626         0.9956          510.2          0.719
         530000       1.689363           1629         0.9956          511.1          0.762
         531000       1.693097           1631         0.9956          512.1          0.727
         532000       1.696681           1636         0.9956          513.1          0.772
         533000       1.699503           1639         0.9956          514.1          0.763
         534000       1.703931           1641         0.9956          515.1          0.776
         535000       1.706571           1645         0.9956          516.1          0.726
         536000       1.709278           1648         0.9956          517.1          0.780
         537000       1.712892           1650         0.9955          518.1          0.850
         538000       1.716097           1653         0.9955          519.1          0.862
         539000       1.719275           1655         0.9955          520.1          0.832
         540000       1.722479           1661         0.9955          521.1          0.724
         541000       1.725350           1663         0.9955          522.1          0.677
         542000       1.727930           1664         0.9955          523.1          0.697
         543000       1.731897           1666         0.9955          524.1          0.752
         544000       1.735611           1672         0.9955          525.2          0.645
         545000       1.738768           1675         0.9955          526.2          0.656
         546000       1.741453           1680         0.9955          527.1          0.747
         547000       1.743827           1682         0.9955          528.1          0.791
         548000       1.747057           1686         0.9955          529.1          0.761
         549000       1.750489           1688         0.9955          530.1          0.889
         550000       1.754618           1689         0.9954          531.1          0.847
         551000       1.758114           1693         0.9954          532.1          0.893
         552000       1.762898           1698         0.9953          533.1          0.843
         553000       1.766044           1701         0.9953          534.0          0.825
         554000       1.769331           1704         0.9953          535.0          0.835
         555000       1.771225           1707         0.9953          536.0          0.924
         556000       1.773925           1710         0.9953          537.0          0.819
         557000       1.776288           1714         0.9953          538.0          0.960
         558000       1.779325           1715         0.9953          539.0          0.937
         559000       1.782907           1720         0.9953          540.0          0.925
         560000       1.787045           1724         0.9953          541.0          0.895
         561000       1.790263           1726         0.9953          542.0          0.772
         562000       1.794212           1732         0.9952          543.0          0.774
         563000       1.796852           1735         0.9952          544.0          0.746
         564000       1.800165           1735         0.9952          545.0          0.742
         565000       1.803732           1741         0.9952          546.1          0.820
         566000       1.806202           1747         0.9952          547.1          0.898
         567000       1.809490           1753         0.9952          548.1          0.963
         568000       1.812229           1757         0.9952          549.0          0.936
         569000       1.815676           1760         0.9952          550.0          0.926
         570000       1.819402           1762         0.9952          551.0          0.962
         571000       1.822011           1768         0.9952          552.0          0.883
         572000       1.826154           1771         0.9952          553.0          0.939
         573000       1.830717           1775         0.9952          554.0          0.871
         574000       1.834423           1779         0.9952          555.0          0.849
         575000       1.837530           1782         0.9952          556.0          0.863
         576000       1.840901           1784         0.9952          557.0          0.846
         577000       1.844977           1788         0.9952          558.0          0.828
         578000       1.848303           1795         0.9952          559.0          0.857
         579000       1.851652           1797         0.9951          560.0          0.929
         580000       1.855019           1800         0.9951          561.0          0.900
         581000       1.858096           1807         0.9951          562.0          0.786
         582000       1.860970           1808         0.9951          563.1          0.820
         583000       1.864588           1812         0.9951          564.1          0.792
         584000       1.867733           1815         0.9951          565.1          0.766
         585000       1.871467           1821         0.9951          566.1          0.869
         586000       1.874972           1822         0.9951          567.1          0.963
         587000       1.877843           1826         0.9951          568.1          0.962
         588000       1.880965           1833         0.9951          569.1          0.962
         589000       1.884494           1836         0.9950          570.1          0.876
         590000       1.888127           1843         0.9950          571.0          0.827
         591000       1.891389           1849         0.9950          572.0          0.852
         592000       1.894524           1851         0.9950          573.0          0.749
         593000       1.897591           1855         0.9950          574.0          0.762
         594000       1.901498           1858         0.9950          575.0          0.948
         595000       1.905107           1860         0.9950          576.0          0.884
         596000       1.908479           1862         0.9949          577.0          0.986
         597000       1.911944           1867         0.9949          578.0          1.011
         598000       1.915395           1870         0.9949          579.0          0.849
         599000       1.918867           1874         0.9949          580.0          0.856
         600000       1.921736           1877         0.9949          581.0          0.867
         601000       1.924850           1882         0.9949          582.0          0.870
         602000       1.928036           1886         0.9949          583.0          0.840
         603000       1.931628           1891         0.9948          584.0          0.919
         604000       1.934287           1895         0.9948          585.0          0.850
         605000       1.936951           1899         0.9948          586.0          0.933
         606000       1.940097           1903         0.9948          587.0          0.985
         607000       1.942743           1909         0.9948          588.0          0.998
         608000       1.946574           1911         0.9948          588.9          1.030
         609000       1.949306           1914         0.9948          589.9          1.097
         610000       1.952899           1920         0.9948          591.0          1.082
         611000       1.955455           1923         0.9948          592.0          1.031
         612000       1.957616           1924         0.9947          593.0          1.034
         613000       1.960090           1927         0.9947          594.0          1.058
         614000       1.963204           1931         0.9947          595.0          1.007
         615000       1.966690           1935         0.9947          596.0          1.120
         616000       1.969647           1936         0.9947          597.0          1.146
         617000       1.972860           1943         0.9947          598.0          1.115
         618000       1.975302           1945         0.9947          598.9          1.114
         619000       1.978640           1951         0.9947          599.9          1.091
         620000       1.981195           1954         0.9947          600.9          1.020
         621000       1.984717           1956         0.9947          601.8          0.997
         622000       1.987554           1960         0.9947          602.8          0.972
         623000       1.991294           1965         0.9947          603.8          1.015
         624000       1.994551           1967         0.9947          604.8          0.988
         625000       1.998107           1970         0.9947          605.7          1.020
