KMC 1+1 simulation started

Simulation parameters:
=====================================================
       substrate_lattice_constant [A] = 2.71500
          adatom_lattice_constant [A] = 2.83000
             vertical_lat_spacing [A] = 2.86833
      spring_const_neighbors [eV/A/A] = 2.15025
 spring_const_next_neighbors [eV/A/A] = 1.07513
                     misfit_coeff [A] = 0.04236
                              D [1/s] = 5.19588e+12
                               E [eV] = 0.53000
                     bond_energy [eV] = 0.40000
                               grid_x = 500
                               grid_y = 80
                     substrate_height = 16
           local_relaxation_range_min = 10
           local_relaxation_range_max = 10
                     time_fluence [s] = 8.000
                  simulation_time [s] = 2.000
                      diffusion_range = 8
              deposition_speed [ML/s] = 0.040
                      temperature [K] = 600
=====================================================

           iter       sim_time      new_atoms         pr_acc   real_time[s]        duv_max
           1000       0.002622              2         1.0000            1.0          0.025
           2000       0.003144              2         1.0000            2.1          0.025
           3000       0.003593              3         1.0000            3.2          0.025
           4000       0.004355              3         1.0000            4.3          0.054
           5000       0.007424              5         1.0000            5.5          0.126
           6000       0.010767              7         1.0000            6.6          0.126
           7000       0.012222              8         1.0000            7.7          0.125
           8000       0.015519              8         1.0000            8.8          0.125
           9000       0.017243             10         1.0000            9.9          0.170
          10000       0.020168             10         1.0000           11.0          0.129
          11000       0.020888             10         1.0000           12.1          0.151
          12000       0.022491             12         1.0000           13.2          0.171
          13000       0.023533             12         1.0000           14.3          0.170
          14000       0.025340             12         1.0000           15.4          0.170
          15000       0.026183             12         1.0000           16.5          0.171
          16000       0.027134             12         1.0000           17.5          0.170
          17000       0.027856             14         1.0000           18.6          0.171
          18000       0.028927             15         1.0000           19.7          0.201
          19000       0.033236             16         1.0000           20.8          0.212
          20000       0.037701             19         0.9999           21.9          0.215
          21000       0.040630             19         1.0000           22.9          0.230
          22000       0.042045             21         1.0000           24.1          0.223
          23000       0.042824             21         1.0000           25.2          0.221
          24000       0.043814             22         1.0000           26.3          0.224
          25000       0.046679             22         0.9999           27.4          0.230
          26000       0.048741             24         0.9999           28.5          0.237
          27000       0.049676             24         0.9999           29.6          0.239
          28000       0.051630             27         0.9999           30.7          0.226
          29000       0.052403             27         0.9999           31.8          0.232
          30000       0.056997             28         0.9999           32.9          0.228
          31000       0.057938             29         0.9999           34.1          0.216
          32000       0.062058             32         0.9999           35.2          0.255
          33000       0.069245             38         0.9998           36.2          0.264
          34000       0.072108             41         0.9998           37.3          0.272
          35000       0.074445             43         0.9998           38.4          0.272
          36000       0.076105             43         0.9998           39.5          0.274
          37000       0.078747             44         0.9998           40.6          0.274
          38000       0.082299             44         0.9998           41.7          0.275
          39000       0.085341             44         0.9998           42.7          0.282
          40000       0.086311             44         0.9998           43.8          0.281
          41000       0.091159             47         0.9998           44.8          0.282
          42000       0.093911             49         0.9998           45.9          0.277
          43000       0.099602             52         0.9998           47.0          0.279
          44000       0.101459             52         0.9998           48.1          0.277
          45000       0.105524             55         0.9998           49.1          0.277
          46000       0.109836             57         0.9998           50.2          0.279
          47000       0.112513             60         0.9998           51.3          0.277
          48000       0.115639             61         0.9998           52.3          0.279
          49000       0.120435             61         0.9997           53.4          0.282
          50000       0.122583             63         0.9997           54.5          0.281
          51000       0.124640             64         0.9997           55.6          0.282
          52000       0.126703             64         0.9997           56.7          0.284
          53000       0.129075             66         0.9997           57.8          0.280
          54000       0.132113             67         0.9996           58.8          0.282
          55000       0.134337             67         0.9996           59.8          0.285
          56000       0.136322             68         0.9996           60.9          0.285
          57000       0.140805             69         0.9996           61.9          0.277
          58000       0.143163             71         0.9996           62.9          0.279
          59000       0.146607             74         0.9996           64.0          0.286
          60000       0.149153             77         0.9996           65.0          0.282
          61000       0.152667             80         0.9996           66.1          0.279
          62000       0.156786             82         0.9996           67.1          0.274
          63000       0.160687             82         0.9996           68.2          0.279
          64000       0.163093             82         0.9996           69.2          0.277
          65000       0.166234             85         0.9996           70.2          0.280
          66000       0.169937             85         0.9996           71.3          0.280
          67000       0.174343             88         0.9996           72.3          0.286
          68000       0.177371             90         0.9995           73.4          0.288
          69000       0.180383             93         0.9995           74.4          0.289
          70000       0.186537             95         0.9995           75.5          0.287
          71000       0.189786             98         0.9995           76.5          0.290
          72000       0.195362            103         0.9995           77.5          0.299
          73000       0.199212            103         0.9995           78.6          0.300
          74000       0.203291            107         0.9995           79.6          0.300
          75000       0.207131            108         0.9995           80.7          0.302
          76000       0.211108            111         0.9994           81.7          0.302
          77000       0.215785            113         0.9994           82.8          0.303
          78000       0.220036            118         0.9994           83.8          0.302
          79000       0.223822            120         0.9994           84.9          0.305
          80000       0.227524            123         0.9994           85.9          0.307
          81000       0.228819            123         0.9994           86.9          0.305
          82000       0.231597            126         0.9994           87.9          0.304
          83000       0.237144            127         0.9994           88.9          0.302
          84000       0.240786            129         0.9994           90.0          0.302
          85000       0.242597            130         0.9994           91.0          0.299
          86000       0.245713            132         0.9994           92.1          0.303
          87000       0.249443            134         0.9994           93.1          0.300
          88000       0.253130            139         0.9994           94.1          0.295
          89000       0.257676            141         0.9994           95.2          0.302
          90000       0.260714            142         0.9994           96.2          0.301
          91000       0.263750            145         0.9994           97.3          0.307
          92000       0.267355            146         0.9993           98.3          0.351
          93000       0.271367            149         0.9994           99.4          0.307
          94000       0.275604            153         0.9993          100.4          0.307
          95000       0.279459            154         0.9993          101.4          0.304
          96000       0.283318            154         0.9993          102.4          0.308
          97000       0.286874            156         0.9993          103.4          0.324
          98000       0.290420            160         0.9993          104.4          0.360
          99000       0.293586            161         0.9993          105.5          0.390
         100000       0.297259            162         0.9993          106.5          0.309
         101000       0.300458            162         0.9993          107.5          0.308
         102000       0.304699            162         0.9993          108.5          0.343
         103000       0.309316            163         0.9993          109.5          0.307
         104000       0.312417            165         0.9993          110.5          0.308
         105000       0.316799            169         0.9993          111.5          0.313
         106000       0.322138            171         0.9993          112.5          0.306
         107000       0.325119            173         0.9993          113.6          0.307
         108000       0.327977            173         0.9993          114.6          0.304
         109000       0.330966            173         0.9993          115.6          0.306
         110000       0.334856            175         0.9993          116.7          0.297
         111000       0.338584            177         0.9993          117.7          0.299
         112000       0.341673            178         0.9992          118.7          0.303
         113000       0.345119            182         0.9992          119.8          0.301
         114000       0.348552            182         0.9992          120.8          0.298
         115000       0.352161            184         0.9992          121.8          0.299
         116000       0.355852            185         0.9992          122.8          0.299
         117000       0.359817            188         0.9992          123.9          0.300
         118000       0.365659            194         0.9992          124.9          0.298
         119000       0.367892            194         0.9992          125.9          0.299
         120000       0.372536            195         0.9991          127.0          0.303
         121000       0.376295            197         0.9991          128.0          0.298
         122000       0.379842            198         0.9991          129.0          0.306
         123000       0.382863            201         0.9991          130.1          0.307
         124000       0.386455            203         0.9991          131.1          0.305
         125000       0.390808            204         0.9991          132.1          0.303
         126000       0.395310            209         0.9991          133.2          0.301
         127000       0.398609            213         0.9991          134.2          0.298
         128000       0.402080            216         0.9991          135.2          0.296
         129000       0.405919            217         0.9991          136.2          0.301
         130000       0.409547            219         0.9990          137.2          0.298
         131000       0.413093            220         0.9990          138.2          0.299
         132000       0.416826            221         0.9990          139.2          0.306
         133000       0.419683            223         0.9990          140.2          0.311
         134000       0.422953            223         0.9990          141.3          0.301
         135000       0.426988            224         0.9990          142.3          0.305
         136000       0.430417            228         0.9990          143.3          0.312
         137000       0.433268            229         0.9990          144.3          0.315
         138000       0.437914            232         0.9990          145.3          0.314
         139000       0.440368            233         0.9990          146.3          0.311
         140000       0.443198            234         0.9989          147.4          0.311
         141000       0.446022            234         0.9989          148.4          0.323
         142000       0.449095            234         0.9989          149.4          0.370
         143000       0.454034            234         0.9989          150.4          0.311
         144000       0.457029            236         0.9989          151.4          0.315
         145000       0.459962            239         0.9989          152.4          0.330
         146000       0.464276            242         0.9989          153.4          0.340
         147000       0.467482            245         0.9989          154.4          0.303
         148000       0.471102            247         0.9989          155.4          0.331
         149000       0.473020            248         0.9989          156.5          0.304
         150000       0.476578            249         0.9989          157.5          0.306
         151000       0.480166            252         0.9989          158.6          0.366
         152000       0.483086            253         0.9989          159.6          0.371
         153000       0.486522            254         0.9988          160.7          0.397
         154000       0.489334            255         0.9988          161.7          0.399
         155000       0.492024            260         0.9988          162.8          0.390
         156000       0.494803            262         0.9988          163.8          0.395
         157000       0.497395            263         0.9988          164.8          0.346
         158000       0.500635            264         0.9988          165.9          0.339
         159000       0.503896            265         0.9988          166.9          0.328
         160000       0.508226            270         0.9988          167.9          0.361
         161000       0.510859            273         0.9988          168.9          0.361
         162000       0.514508            275         0.9988          169.9          0.439
         163000       0.520226            282         0.9988          170.9          0.379
         164000       0.523183            283         0.9988          171.9          0.411
         165000       0.525832            284         0.9988          172.9          0.455
         166000       0.528718            285         0.9988          173.9          0.423
         167000       0.533651            287         0.9988          175.0          0.447
         168000       0.537177            287         0.9988          176.0          0.396
         169000       0.540753            288         0.9987          177.0          0.452
         170000       0.544086            289         0.9987          178.0          0.444
         171000       0.548344            294         0.9987          179.0          0.447
         172000       0.552001            294         0.9987          180.0          0.405
         173000       0.555248            296         0.9987          181.0          0.454
         174000       0.558822            298         0.9987          182.0          0.453
         175000       0.563232            299         0.9987          183.0          0.402
         176000       0.566688            299         0.9987          184.0          0.367
         177000       0.568884            301         0.9987          185.0          0.435
         178000       0.572781            302         0.9987          186.0          0.395
         179000       0.576463            305         0.9987          187.0          0.444
         180000       0.580233            306         0.9987          188.0          0.399
         181000       0.584482            308         0.9987          189.0          0.398
         182000       0.589110            308         0.9987          190.0          0.454
         183000       0.594412            310         0.9987          191.0          0.444
         184000       0.598197            310         0.9986          192.0          0.448
         185000       0.602817            314         0.9986          193.0          0.398
         186000       0.606635            315         0.9986          194.1          0.434
         187000       0.611645            316         0.9986          195.1          0.436
         188000       0.615131            316         0.9986          196.1          0.384
         189000       0.619008            319         0.9986          197.1          0.367
         190000       0.623011            321         0.9986          198.1          0.444
         191000       0.625846            323         0.9986          199.1          0.443
         192000       0.629561            326         0.9986          200.2          0.412
         193000       0.633969            327         0.9986          201.2          0.443
         194000       0.638190            327         0.9986          202.2          0.335
         195000       0.640886            328         0.9986          203.2          0.346
         196000       0.645153            332         0.9985          204.3          0.404
         197000       0.649754            333         0.9985          205.3          0.409
         198000       0.653763            337         0.9985          206.3          0.392
         199000       0.656310            338         0.9985          207.3          0.368
         200000       0.659948            339         0.9985          208.3          0.418
         201000       0.663665            341         0.9985          209.3          0.379
         202000       0.666665            342         0.9985          210.3          0.441
         203000       0.669601            344         0.9985          211.4          0.430
         204000       0.672678            347         0.9985          212.4          0.436
         205000       0.675318            348         0.9985          213.4          0.454
         206000       0.678479            351         0.9985          214.5          0.405
         207000       0.683328            351         0.9985          215.5          0.449
         208000       0.687305            355         0.9985          216.5          0.452
         209000       0.690442            358         0.9985          217.6          0.417
         210000       0.694261            358         0.9985          218.6          0.419
         211000       0.697581            358         0.9985          219.6          0.436
         212000       0.699902            361         0.9985          220.6          0.471
         213000       0.702618            363         0.9985          221.7          0.453
         214000       0.705591            365         0.9985          222.7          0.384
         215000       0.708964            368         0.9984          223.7          0.481
         216000       0.711971            369         0.9984          224.7          0.447
         217000       0.715118            369         0.9984          225.7          0.451
         218000       0.718860            369         0.9984          226.8          0.456
         219000       0.722850            370         0.9984          227.8          0.444
         220000       0.725943            372         0.9984          228.8          0.411
         221000       0.728630            372         0.9984          229.8          0.498
         222000       0.731878            374         0.9984          230.8          0.442
         223000       0.734472            374         0.9984          231.9          0.491
         224000       0.737393            376         0.9984          232.9          0.469
         225000       0.741180            377         0.9984          233.9          0.412
         226000       0.744253            379         0.9984          235.0          0.394
         227000       0.747961            382         0.9984          236.0          0.385
         228000       0.750955            384         0.9984          237.0          0.383
         229000       0.754843            386         0.9984          238.0          0.472
         230000       0.758464            386         0.9984          239.1          0.418
         231000       0.762031            387         0.9984          240.1          0.375
         232000       0.764859            387         0.9984          241.1          0.364
         233000       0.768300            390         0.9984          242.2          0.420
         234000       0.771984            393         0.9984          243.2          0.469
         235000       0.776559            393         0.9984          244.2          0.422
         236000       0.779787            394         0.9983          245.2          0.472
         237000       0.785081            394         0.9983          246.2          0.476
         238000       0.790383            397         0.9983          247.2          0.488
         239000       0.793161            397         0.9983          248.2          0.434
         240000       0.797442            399         0.9983          249.2          0.460
         241000       0.801170            400         0.9983          250.2          0.490
         242000       0.805424            403         0.9983          251.2          0.420
         243000       0.808405            407         0.9983          252.3          0.435
         244000       0.811864            411         0.9983          253.3          0.441
         245000       0.813847            411         0.9983          254.4          0.450
         246000       0.817807            413         0.9983          255.4          0.513
         247000       0.820657            416         0.9983          256.5          0.513
         248000       0.824695            416         0.9982          257.5          0.408
         249000       0.827575            417         0.9982          258.6          0.387
         250000       0.830600            420         0.9982          259.6          0.376
         251000       0.833153            420         0.9982          260.6          0.403
         252000       0.835946            421         0.9982          261.7          0.379
         253000       0.837434            422         0.9982          262.7          0.392
         254000       0.840797            422         0.9982          263.8          0.403
         255000       0.845498            423         0.9982          264.8          0.426
         256000       0.848153            423         0.9982          265.9          0.358
         257000       0.851670            423         0.9982          266.9          0.386
         258000       0.856450            424         0.9982          268.0          0.440
         259000       0.862186            425         0.9982          269.0          0.490
         260000       0.865771            426         0.9982          270.0          0.418
         261000       0.868122            428         0.9982          271.0          0.363
         262000       0.869992            429         0.9982          272.1          0.358
         263000       0.871585            429         0.9982          273.2          0.383
         264000       0.873975            429         0.9982          274.2          0.387
         265000       0.877943            431         0.9982          275.2          0.457
         266000       0.881058            436         0.9982          276.3          0.425
         267000       0.885521            437         0.9982          277.3          0.510
         268000       0.889596            441         0.9982          278.4          0.512
         269000       0.893222            444         0.9982          279.4          0.506
         270000       0.895925            444         0.9982          280.5          0.506
         271000       0.901583            447         0.9982          281.6          0.508
         272000       0.905073            450         0.9982          282.6          0.461
         273000       0.909141            451         0.9982          283.7          0.421
         274000       0.913458            451         0.9982          284.7          0.418
         275000       0.916391            451         0.9982          285.8          0.470
         276000       0.920266            452         0.9981          286.8          0.435
         277000       0.923383            454         0.9981          287.9          0.392
         278000       0.927185            456         0.9981          288.9          0.512
         279000       0.931617            457         0.9981          289.9          0.465
         280000       0.935588            457         0.9981          291.0          0.520
         281000       0.939047            460         0.9981          292.0          0.443
         282000       0.940247            461         0.9981          293.1          0.412
         283000       0.941758            462         0.9982          294.2          0.382
         284000       0.944077            466         0.9982          295.2          0.383
         285000       0.948011            469         0.9982          296.3          0.375
         286000       0.951087            469         0.9981          297.4          0.367
         287000       0.954939            472         0.9982          298.4          0.389
         288000       0.959448            474         0.9981          299.5          0.514
         289000       0.961683            476         0.9981          300.6          0.442
         290000       0.965742            477         0.9981          301.7          0.434
         291000       0.969536            477         0.9981          302.7          0.446
         292000       0.971278            479         0.9981          303.8          0.531
         293000       0.975473            481         0.9981          304.8          0.463
         294000       0.979183            481         0.9981          305.9          0.465
         295000       0.981061            483         0.9981          307.0          0.527
         296000       0.985114            483         0.9981          308.1          0.420
         297000       0.988142            484         0.9981          309.1          0.390
         298000       0.991521            484         0.9981          310.2          0.381
         299000       0.995713            486         0.9981          311.2          0.402
         300000       0.998104            486         0.9981          312.3          0.463
         301000       1.001208            486         0.9981          313.3          0.507
         302000       1.003197            486         0.9981          314.4          0.521
         303000       1.006492            487         0.9981          315.4          0.480
         304000       1.011589            489         0.9981          316.4          0.533
         305000       1.015642            490         0.9981          317.4          0.484
         306000       1.019689            493         0.9981          318.5          0.529
         307000       1.022963            494         0.9981          319.5          0.527
         308000       1.024987            496         0.9981          320.5          0.520
         309000       1.025758            496         0.9981          321.6          0.474
         310000       1.028834            496         0.9981          322.7          0.524
         311000       1.031537            497         0.9981          323.8          0.526
         312000       1.033287            499         0.9981          324.8          0.478
         313000       1.037105            499         0.9981          325.9          0.440
         314000       1.040865            502         0.9981          326.9          0.477
         315000       1.044063            502         0.9981          328.0          0.453
         316000       1.045766            505         0.9981          329.1          0.417
         317000       1.051902            507         0.9981          330.2          0.402
         318000       1.054962            509         0.9981          331.2          0.381
         319000       1.059233            512         0.9981          332.3          0.511
         320000       1.063424            514         0.9981          333.4          0.383
         321000       1.067510            516         0.9981          334.5          0.360
         322000       1.071756            517         0.9981          335.5          0.355
         323000       1.075974            518         0.9981          336.6          0.363
         324000       1.079013            520         0.9981          337.6          0.383
         325000       1.081401            521         0.9981          338.7          0.392
         326000       1.083611            523         0.9981          339.7          0.377
         327000       1.087366            524         0.9981          340.8          0.378
         328000       1.090564            524         0.9981          341.8          0.371
         329000       1.093045            524         0.9981          342.9          0.396
         330000       1.096875            526         0.9981          343.9          0.418
         331000       1.099525            526         0.9981          345.0          0.389
         332000       1.102278            527         0.9981          346.0          0.412
         333000       1.106154            531         0.9981          347.0          0.398
         334000       1.109071            534         0.9981          348.1          0.442
         335000       1.112535            536         0.9981          349.1          0.433
         336000       1.114445            537         0.9981          350.2          0.449
         337000       1.118849            538         0.9981          351.2          0.473
         338000       1.122445            540         0.9981          352.2          0.478
         339000       1.125899            541         0.9981          353.2          0.396
         340000       1.129924            542         0.9981          354.2          0.516
         341000       1.132762            543         0.9981          355.2          0.467
         342000       1.136206            545         0.9981          356.3          0.423
         343000       1.138904            548         0.9981          357.3          0.473
         344000       1.142098            550         0.9981          358.3          0.473
         345000       1.145141            554         0.9981          359.4          0.434
         346000       1.148648            558         0.9981          360.4          0.517
         347000       1.152408            560         0.9981          361.5          0.534
         348000       1.156981            562         0.9980          362.5          0.475
         349000       1.160185            562         0.9980          363.6          0.527
         350000       1.162956            564         0.9980          364.6          0.522
         351000       1.166405            565         0.9980          365.6          0.472
         352000       1.169212            565         0.9980          366.7          0.531
         353000       1.171934            565         0.9980          367.7          0.446
         354000       1.175534            570         0.9980          368.8          0.393
         355000       1.177231            570         0.9980          369.9          0.400
         356000       1.179474            571         0.9980          371.0          0.386
         357000       1.183244            573         0.9980          372.1          0.389
         358000       1.186923            573         0.9980          373.1          0.463
         359000       1.190992            575         0.9980          374.1          0.415
         360000       1.192378            575         0.9980          375.2          0.445
         361000       1.195509            579         0.9980          376.2          0.481
         362000       1.198149            580         0.9980          377.2          0.525
         363000       1.200769            581         0.9980          378.3          0.449
         364000       1.204363            583         0.9980          379.3          0.472
         365000       1.207733            585         0.9980          380.4          0.486
         366000       1.211095            586         0.9980          381.5          0.490
         367000       1.216094            588         0.9980          382.5          0.455
         368000       1.219390            588         0.9980          383.5          0.497
         369000       1.222853            589         0.9980          384.6          0.529
         370000       1.226576            589         0.9980          385.6          0.546
         371000       1.229850            592         0.9980          386.7          0.508
         372000       1.232997            595         0.9980          387.7          0.502
         373000       1.235938            597         0.9980          388.8          0.453
         374000       1.240040            597         0.9980          389.8          0.449
         375000       1.243740            598         0.9980          390.9          0.491
         376000       1.247792            599         0.9979          391.9          0.515
         377000       1.250906            601         0.9979          392.9          0.509
         378000       1.254509            603         0.9979          393.9          0.551
         379000       1.258439            606         0.9979          395.0          0.551
         380000       1.261465            608         0.9979          396.0          0.518
         381000       1.265125            608         0.9979          397.0          0.543
         382000       1.268958            610         0.9979          398.1          0.554
         383000       1.272235            611         0.9979          399.1          0.509
         384000       1.274803            611         0.9979          400.2          0.561
         385000       1.278245            615         0.9979          401.2          0.546
         386000       1.282093            615         0.9979          402.3          0.584
         387000       1.286210            617         0.9979          403.4          0.579
         388000       1.289691            617         0.9979          404.4          0.631
         389000       1.293932            619         0.9979          405.4          0.544
         390000       1.297315            621         0.9979          406.4          0.462
         391000       1.300530            624         0.9979          407.5          0.456
         392000       1.304277            627         0.9979          408.5          0.471
         393000       1.308433            631         0.9979          409.5          0.469
         394000       1.310884            631         0.9979          410.5          0.484
         395000       1.313324            633         0.9979          411.5          0.550
         396000       1.316872            633         0.9979          412.6          0.587
         397000       1.320397            635         0.9979          413.6          0.623
         398000       1.323322            637         0.9979          414.6          0.585
         399000       1.325654            639         0.9979          415.6          0.574
         400000       1.328769            642         0.9979          416.7          0.577
         401000       1.331647            644         0.9979          417.7          0.659
         402000       1.335010            647         0.9978          418.7          0.624
         403000       1.339063            649         0.9978          419.8          0.621
         404000       1.343191            650         0.9978          420.8          0.582
         405000       1.346415            655         0.9978          421.8          0.564
         406000       1.348741            657         0.9978          422.8          0.608
         407000       1.352753            659         0.9978          423.9          0.586
         408000       1.355901            661         0.9978          424.9          0.556
         409000       1.358898            664         0.9978          426.0          0.498
         410000       1.361933            665         0.9978          427.0          0.583
         411000       1.364612            666         0.9978          428.1          0.542
         412000       1.366917            667         0.9978          429.2          0.580
         413000       1.370151            667         0.9978          430.2          0.495
         414000       1.374355            669         0.9978          431.3          0.610
         415000       1.378420            672         0.9978          432.3          0.574
         416000       1.382056            672         0.9978          433.4          0.599
         417000       1.384919            673         0.9978          434.4          0.567
         418000       1.388015            674         0.9977          435.5          0.519
         419000       1.390668            677         0.9978          436.5          0.527
         420000       1.393862            677         0.9978          437.5          0.500
         421000       1.397020            677         0.9978          438.6          0.573
         422000       1.400571            681         0.9977          439.6          0.519
         423000       1.403613            681         0.9978          440.6          0.502
         424000       1.407747            682         0.9977          441.7          0.497
         425000       1.410742            684         0.9977          442.7          0.556
         426000       1.414426            686         0.9977          443.7          0.506
         427000       1.419321            688         0.9977          444.8          0.489
         428000       1.423732            690         0.9977          445.8          0.585
         429000       1.426437            691         0.9977          446.8          0.574
         430000       1.428869            691         0.9977          447.9          0.522
         431000       1.431322            692         0.9977          448.9          0.549
         432000       1.435447            694         0.9977          449.9          0.582
         433000       1.438222            696         0.9977          450.9          0.657
         434000       1.443056            697         0.9977          451.9          0.560
         435000       1.445935            698         0.9977          453.0          0.564
         436000       1.449313            698         0.9977          454.0          0.656
         437000       1.452874            698         0.9977          455.1          0.575
         438000       1.455721            700         0.9977          456.1          0.651
         439000       1.458711            701         0.9977          457.2          0.627
         440000       1.462255            701         0.9976          458.2          0.591
         441000       1.466644            703         0.9976          459.2          0.593
         442000       1.469989            707         0.9976          460.2          0.573
         443000       1.473492            709         0.9976          461.3          0.526
         444000       1.477093            712         0.9976          462.3          0.575
         445000       1.481149            714         0.9976          463.3          0.554
         446000       1.484044            717         0.9976          464.3          0.527
         447000       1.487537            718         0.9976          465.3          0.554
         448000       1.490426            721         0.9976          466.3          0.618
         449000       1.492877            721         0.9976          467.3          0.578
         450000       1.495741            726         0.9976          468.3          0.582
         451000       1.498045            727         0.9976          469.4          0.554
         452000       1.501884            732         0.9976          470.4          0.543
         453000       1.505293            735         0.9976          471.4          0.588
         454000       1.508790            735         0.9976          472.4          0.578
         455000       1.512245            736         0.9976          473.5          0.575
         456000       1.516387            737         0.9976          474.5          0.569
         457000       1.520846            740         0.9976          475.5          0.529
         458000       1.523929            740         0.9976          476.5          0.470
         459000       1.526972            742         0.9976          477.5          0.476
         460000       1.529059            744         0.9976          478.6          0.432
         461000       1.531911            745         0.9975          479.6          0.534
         462000       1.534833            748         0.9975          480.6          0.503
         463000       1.538196            750         0.9975          481.7          0.509
         464000       1.541401            753         0.9975          482.7          0.529
         465000       1.544356            755         0.9975          483.8          0.523
         466000       1.547462            758         0.9975          484.8          0.556
         467000       1.550997            762         0.9975          485.9          0.629
         468000       1.555672            765         0.9975          486.9          0.618
         469000       1.559004            769         0.9975          487.9          0.515
         470000       1.562231            769         0.9975          488.9          0.608
         471000       1.566203            773         0.9975          490.0          0.610
         472000       1.569465            775         0.9975          491.0          0.597
         473000       1.572118            778         0.9975          492.0          0.524
         474000       1.575355            779         0.9975          493.0          0.626
         475000       1.578676            783         0.9975          494.1          0.585
         476000       1.581872            785         0.9975          495.1          0.570
         477000       1.584648            787         0.9975          496.1          0.521
         478000       1.588191            788         0.9975          497.2          0.565
         479000       1.591519            789         0.9975          498.2          0.531
         480000       1.593958            790         0.9975          499.2          0.571
         481000       1.597530            791         0.9975          500.2          0.525
         482000       1.600179            792         0.9975          501.3          0.552
         483000       1.603064            792         0.9975          502.3          0.663
         484000       1.605534            794         0.9975          503.3          0.673
         485000       1.609202            795         0.9974          504.3          0.584
         486000       1.612842            797         0.9974          505.3          0.638
         487000       1.615693            798         0.9974          506.4          0.675
         488000       1.618950            799         0.9974          507.4          0.676
         489000       1.622541            803         0.9974          508.4          0.620
         490000       1.625959            803         0.9974          509.4          0.644
         491000       1.628413            803         0.9974          510.5          0.685
         492000       1.632170            804         0.9974          511.5          0.562
         493000       1.635689            806         0.9974          512.5          0.597
         494000       1.639996            808         0.9974          513.5          0.535
         495000       1.643655            810         0.9974          514.5          0.527
         496000       1.647101            810         0.9974          515.5          0.524
         497000       1.650464            812         0.9974          516.5          0.521
         498000       1.654152            814         0.9974          517.5          0.588
         499000       1.657429            816         0.9974          518.6          0.503
         500000       1.660405            817         0.9974          519.6          0.536
         501000       1.663733            820         0.9974          520.6          0.549
         502000       1.667874            822         0.9974          521.6          0.575
         503000       1.671161            824         0.9974          522.7          0.556
         504000       1.673643            826         0.9974          523.8          0.579
         505000       1.677272            828         0.9974          524.8          0.580
         506000       1.681176            828         0.9974          525.8          0.550
         507000       1.684819            831         0.9974          526.9          0.531
         508000       1.688488            833         0.9974          527.9          0.565
         509000       1.690941            835         0.9974          528.9          0.490
         510000       1.695232            839         0.9974          529.9          0.487
         511000       1.699107            841         0.9974          531.0          0.553
         512000       1.702262            843         0.9974          532.1          0.474
         513000       1.704983            845         0.9974          533.1          0.485
         514000       1.708577            846         0.9974          534.2          0.432
         515000       1.711673            846         0.9974          535.2          0.455
         516000       1.715621            847         0.9974          536.3          0.431
         517000       1.719699            847         0.9974          537.3          0.494
         518000       1.722699            847         0.9974          538.3          0.514
         519000       1.725516            849         0.9974          539.3          0.622
         520000       1.728263            853         0.9974          540.4          0.580
         521000       1.732262            856         0.9974          541.4          0.526
         522000       1.736202            857         0.9974          542.4          0.636
         523000       1.739995            859         0.9974          543.4          0.613
         524000       1.743120            859         0.9974          544.5          0.546
         525000       1.746953            862         0.9974          545.5          0.640
         526000       1.750898            863         0.9974          546.5          0.621
         527000       1.754388            866         0.9974          547.6          0.570
         528000       1.757643            867         0.9973          548.6          0.656
         529000       1.761293            870         0.9973          549.7          0.552
         530000       1.764575            873         0.9973          550.7          0.495
         531000       1.768004            876         0.9973          551.7          0.608
         532000       1.770556            877         0.9973          552.7          0.613
         533000       1.773992            879         0.9973          553.8          0.483
         534000       1.776811            879         0.9973          554.8          0.485
         535000       1.779904            879         0.9973          555.9          0.564
         536000       1.783196            881         0.9973          556.9          0.511
         537000       1.787166            884         0.9973          557.9          0.554
         538000       1.790799            886         0.9973          559.0          0.556
         539000       1.795150            888         0.9973          560.0          0.550
         540000       1.798870            890         0.9973          561.0          0.496
         541000       1.801647            891         0.9973          562.1          0.547
         542000       1.805416            891         0.9973          563.1          0.491
         543000       1.808123            891         0.9973          564.1          0.556
         544000       1.811024            891         0.9973          565.1          0.523
         545000       1.814464            893         0.9973          566.1          0.484
         546000       1.818056            898         0.9973          567.1          0.538
         547000       1.821368            899         0.9973          568.2          0.513
         548000       1.824876            899         0.9973          569.2          0.499
         549000       1.829288            901         0.9973          570.2          0.578
         550000       1.832547            903         0.9973          571.3          0.473
         551000       1.835962            904         0.9973          572.3          0.464
         552000       1.839044            906         0.9973          573.4          0.529
         553000       1.842035            909         0.9973          574.5          0.453
         554000       1.846163            913         0.9973          575.5          0.482
         555000       1.848935            913         0.9973          576.6          0.481
         556000       1.850236            913         0.9973          577.6          0.479
         557000       1.854234            913         0.9973          578.7          0.514
         558000       1.857590            913         0.9973          579.7          0.534
         559000       1.860851            913         0.9973          580.7          0.466
         560000       1.864381            916         0.9973          581.8          0.532
         561000       1.867452            916         0.9972          582.8          0.439
         562000       1.870983            916         0.9972          583.8          0.433
         563000       1.874490            920         0.9972          584.9          0.480
         564000       1.877480            921         0.9972          585.9          0.479
         565000       1.881699            924         0.9972          587.0          0.482
         566000       1.885107            926         0.9972          588.0          0.482
         567000       1.888587            929         0.9972          589.0          0.453
         568000       1.892676            932         0.9972          590.1          0.487
         569000       1.896145            937         0.9972          591.2          0.535
         570000       1.899056            939         0.9972          592.2          0.477
         571000       1.902147            940         0.9972          593.2          0.540
         572000       1.905718            940         0.9972          594.3          0.482
         573000       1.909278            943         0.9972          595.3          0.486
         574000       1.912231            944         0.9972          596.3          0.513
         575000       1.915088            946         0.9972          597.4          0.529
         576000       1.917906            949         0.9972          598.4          0.633
         577000       1.922595            950         0.9972          599.4          0.663
         578000       1.925275            953         0.9972          600.5          0.606
         579000       1.929546            955         0.9972          601.5          0.629
         580000       1.933386            956         0.9972          602.5          0.532
         581000       1.937267            957         0.9972          603.5          0.546
         582000       1.939516            959         0.9972          604.5          0.555
         583000       1.943411            959         0.9972          605.5          0.555
         584000       1.946117            960         0.9972          606.6          0.552
         585000       1.948698            963         0.9972          607.6          0.502
         586000       1.951589            965         0.9972          608.6          0.577
         587000       1.955382            969         0.9972          609.7          0.534
         588000       1.959132            971         0.9972          610.7          0.533
         589000       1.961681            973         0.9972          611.8          0.560
         590000       1.964843            973         0.9972          612.9          0.585
         591000       1.968717            975         0.9972          613.9          0.644
         592000       1.971751            976         0.9972          614.9          0.644
         593000       1.975350            980         0.9972          616.0          0.616
         594000       1.978231            983         0.9972          617.0          0.579
         595000       1.981874            986         0.9972          618.1          0.642
         596000       1.985919            988         0.9972          619.1          0.634
         597000       1.989366            989         0.9972          620.1          0.597
         598000       1.991447            989         0.9972          621.2          0.591
         599000       1.994540            990         0.9972          622.2          0.580
         600000       1.999099            992         0.9972          623.3          0.572
