KMC 1+1 simulation started

Simulation parameters:
=====================================================
       substrate_lattice_constant [A] = 2.71500
          adatom_lattice_constant [A] = 2.83000
             vertical_lat_spacing [A] = 2.86833
      spring_const_neighbors [eV/A/A] = 2.15025
 spring_const_next_neighbors [eV/A/A] = 1.07513
                     misfit_coeff [A] = 0.04236
                              D [1/s] = 5.19588e+12
                               E [eV] = 0.53000
                     bond_energy [eV] = 0.40000
                               grid_x = 500
                               grid_y = 80
                     substrate_height = 16
           local_relaxation_range_min = 10
           local_relaxation_range_max = 10
                     time_fluence [s] = 8.000
                  simulation_time [s] = 2.000
                      diffusion_range = 8
              deposition_speed [ML/s] = 0.080
                      temperature [K] = 600
=====================================================

           iter       sim_time      new_atoms         pr_acc   real_time[s]        duv_max
           1000       0.001828              2         1.0000            0.9          0.712
           2000       0.002282              3         1.0000            1.9          0.712
           3000       0.002761              4         1.0000            3.0          0.712
           4000       0.003136              4         1.0000            4.1          0.711
           5000       0.005390              5         1.0000            5.1          0.712
           6000       0.008172              7         1.0000            6.2          0.712
           7000       0.009584             10         1.0000            7.3          0.712
           8000       0.013548             10         1.0000            8.4          0.713
           9000       0.016139             11         0.9999            9.4          0.712
          10000       0.016654             11         0.9999           10.5          0.713
          11000       0.017597             11         0.9999           11.6          0.713
          12000       0.019313             12         0.9999           12.5          0.713
          13000       0.019927             14         0.9999           13.6          0.713
          14000       0.020568             14         0.9999           14.6          0.713
          15000       0.021967             16         0.9999           15.7          0.713
          16000       0.023895             18         0.9999           16.7          0.713
          17000       0.026257             21         0.9999           17.7          0.714
          18000       0.027004             23         0.9999           18.8          0.714
          19000       0.027711             24         0.9999           19.8          0.714
          20000       0.030198             25         0.9999           20.8          0.714
          21000       0.033367             27         1.0000           21.8          0.713
          22000       0.036349             31         1.0000           22.8          0.713
          23000       0.039967             34         1.0000           23.8          0.715
          24000       0.044014             40         1.0000           24.8          0.714
          25000       0.048326             43         1.0000           25.8          0.714
          26000       0.050121             45         1.0000           26.8          0.714
          27000       0.052444             47         0.9999           27.8          0.714
          28000       0.055552             48         0.9999           28.8          0.714
          29000       0.058048             49         0.9999           29.8          0.715
          30000       0.059916             51         0.9999           30.8          0.715
          31000       0.060987             53         0.9999           31.8          0.715
          32000       0.064507             59         0.9999           32.8          0.715
          33000       0.068480             64         0.9999           33.8          0.716
          34000       0.071923             70         0.9999           34.8          0.718
          35000       0.074454             75         0.9999           35.8          0.719
          36000       0.076458             76         0.9999           36.8          0.717
          37000       0.079443             80         0.9998           37.8          0.716
          38000       0.081813             83         0.9998           38.8          0.718
          39000       0.085339             84         0.9998           39.8          0.724
          40000       0.088482             89         0.9998           40.9          0.725
          41000       0.092063             92         0.9998           41.9          0.727
          42000       0.094193             94         0.9998           42.8          0.728
          43000       0.098716             99         0.9998           43.8          0.730
          44000       0.102472            101         0.9997           44.8          0.733
          45000       0.106109            104         0.9997           45.8          0.734
          46000       0.109608            106         0.9997           46.8          0.736
          47000       0.112312            110         0.9997           47.8          0.737
          48000       0.113946            112         0.9997           48.8          0.736
          49000       0.117682            116         0.9997           49.8          0.737
          50000       0.121699            124         0.9997           50.7          0.737
          51000       0.124478            126         0.9996           51.7          0.738
          52000       0.127936            126         0.9997           52.7          0.742
          53000       0.130224            129         0.9996           53.7          0.741
          54000       0.134615            132         0.9996           54.6          0.740
          55000       0.136566            133         0.9996           55.6          0.740
          56000       0.139077            137         0.9996           56.5          0.738
          57000       0.141489            139         0.9996           57.5          0.742
          58000       0.144712            147         0.9996           58.5          0.757
          59000       0.149997            148         0.9996           59.4          0.755
          60000       0.152621            150         0.9996           60.4          0.737
          61000       0.155897            153         0.9996           61.4          0.741
          62000       0.159184            154         0.9996           62.3          0.742
          63000       0.163830            159         0.9996           63.3          0.759
          64000       0.167641            162         0.9995           64.3          0.737
          65000       0.172030            166         0.9994           65.3          0.736
          66000       0.174776            170         0.9994           66.3          0.733
          67000       0.178175            170         0.9994           67.2          0.732
          68000       0.182295            177         0.9994           68.2          0.732
          69000       0.185251            179         0.9994           69.2          0.736
          70000       0.190140            179         0.9994           70.2          0.739
          71000       0.193619            180         0.9993           71.1          0.741
          72000       0.198050            185         0.9993           72.0          0.744
          73000       0.201409            190         0.9993           73.0          0.747
          74000       0.203286            191         0.9993           74.0          0.752
          75000       0.208603            194         0.9992           74.9          0.753
          76000       0.211219            195         0.9992           75.9          0.753
          77000       0.215196            197         0.9992           76.8          0.753
          78000       0.219115            199         0.9992           77.8          0.753
          79000       0.223445            204         0.9992           78.7          0.753
          80000       0.227466            207         0.9992           79.7          0.751
          81000       0.229823            209         0.9992           80.7          0.751
          82000       0.232450            213         0.9992           81.7          0.750
          83000       0.236177            217         0.9992           82.6          0.751
          84000       0.239969            221         0.9991           83.6          0.752
          85000       0.243529            224         0.9990           84.6          0.753
          86000       0.247219            226         0.9990           85.5          0.753
          87000       0.249935            228         0.9990           86.5          0.753
          88000       0.253104            230         0.9990           87.5          0.764
          89000       0.257503            235         0.9990           88.5          0.754
          90000       0.260612            239         0.9990           89.5          0.764
          91000       0.264372            240         0.9990           90.5          0.754
          92000       0.267121            241         0.9990           91.4          0.769
          93000       0.270507            245         0.9990           92.4          0.766
          94000       0.273680            246         0.9990           93.4          0.756
          95000       0.278250            248         0.9989           94.4          0.758
          96000       0.282814            256         0.9989           95.3          0.756
          97000       0.287118            259         0.9990           96.3          0.759
          98000       0.291662            263         0.9989           97.3          0.760
          99000       0.295311            267         0.9989           98.2          0.760
         100000       0.298304            271         0.9989           99.2          0.759
         101000       0.301345            274         0.9989          100.2          0.758
         102000       0.304664            277         0.9989          101.1          0.759
         103000       0.307304            278         0.9989          102.1          0.761
         104000       0.309848            282         0.9989          103.1          0.760
         105000       0.313196            284         0.9989          104.0          0.760
         106000       0.315709            288         0.9989          105.0          0.759
         107000       0.319278            291         0.9989          106.0          0.760
         108000       0.320879            293         0.9989          107.0          0.761
         109000       0.324222            297         0.9989          108.0          0.762
         110000       0.327454            300         0.9989          109.0          0.758
         111000       0.329971            303         0.9989          110.0          0.761
         112000       0.333228            306         0.9989          111.0          0.760
         113000       0.335121            309         0.9989          112.0          0.756
         114000       0.338914            314         0.9989          113.0          0.762
         115000       0.341621            317         0.9989          113.9          0.760
         116000       0.344201            320         0.9989          114.9          0.760
         117000       0.347293            324         0.9989          115.9          0.761
         118000       0.350324            325         0.9989          116.9          0.763
         119000       0.353607            331         0.9988          117.8          0.762
         120000       0.357009            334         0.9988          118.8          0.763
         121000       0.360597            339         0.9988          119.7          0.763
         122000       0.363844            341         0.9988          120.7          0.764
         123000       0.367411            346         0.9988          121.6          0.763
         124000       0.371306            349         0.9988          122.6          0.764
         125000       0.373582            352         0.9988          123.6          0.763
         126000       0.376626            354         0.9988          124.6          0.763
         127000       0.378997            357         0.9988          125.6          0.766
         128000       0.382637            358         0.9988          126.7          0.765
         129000       0.385545            362         0.9988          127.7          0.766
         130000       0.389336            366         0.9988          128.6          0.766
         131000       0.392468            370         0.9987          129.6          0.766
         132000       0.396055            375         0.9987          130.6          0.765
         133000       0.400081            384         0.9987          131.5          0.764
         134000       0.402487            388         0.9987          132.5          0.767
         135000       0.406451            388         0.9987          133.5          0.766
         136000       0.408924            393         0.9987          134.5          0.766
         137000       0.412793            398         0.9987          135.5          0.769
         138000       0.417120            401         0.9986          136.5          0.766
         139000       0.420532            406         0.9986          137.5          0.768
         140000       0.422872            407         0.9986          138.5          0.787
         141000       0.426363            412         0.9986          139.5          0.781
         142000       0.429780            414         0.9986          140.5          0.779
         143000       0.432352            417         0.9986          141.5          0.784
         144000       0.435715            419         0.9986          142.5          0.787
         145000       0.438171            423         0.9986          143.5          0.793
         146000       0.440859            424         0.9986          144.5          0.804
         147000       0.443970            428         0.9986          145.5          0.785
         148000       0.446638            433         0.9986          146.5          0.788
         149000       0.450337            438         0.9986          147.5          0.794
         150000       0.453418            445         0.9986          148.5          0.791
         151000       0.457185            450         0.9986          149.5          0.794
         152000       0.459986            453         0.9986          150.5          0.792
         153000       0.462732            455         0.9986          151.5          0.790
         154000       0.465694            457         0.9986          152.5          0.792
         155000       0.468287            459         0.9986          153.5          0.791
         156000       0.472595            466         0.9986          154.5          0.791
         157000       0.476502            471         0.9986          155.5          0.797
         158000       0.480664            474         0.9986          156.5          0.806
         159000       0.482906            474         0.9985          157.4          0.799
         160000       0.486160            477         0.9985          158.4          0.806
         161000       0.489459            479         0.9985          159.4          0.797
         162000       0.491858            481         0.9985          160.4          0.810
         163000       0.495633            484         0.9985          161.4          0.811
         164000       0.498439            485         0.9985          162.4          0.817
         165000       0.501884            488         0.9985          163.4          0.822
         166000       0.504623            489         0.9985          164.4          0.816
         167000       0.507506            490         0.9985          165.4          0.813
         168000       0.511676            494         0.9985          166.3          0.855
         169000       0.515123            497         0.9985          167.3          0.869
         170000       0.518575            500         0.9984          168.3          0.816
         171000       0.522896            506         0.9984          169.2          0.808
         172000       0.526480            509         0.9984          170.2          0.832
         173000       0.530144            510         0.9984          171.2          0.831
         174000       0.532864            512         0.9984          172.2          0.864
         175000       0.535845            517         0.9984          173.2          0.857
         176000       0.538191            522         0.9984          174.2          0.867
         177000       0.541932            527         0.9984          175.1          0.847
         178000       0.544615            530         0.9984          176.1          0.835
         179000       0.548960            532         0.9984          177.1          0.834
         180000       0.553107            532         0.9984          178.1          0.858
         181000       0.556282            532         0.9983          179.1          0.830
         182000       0.559718            532         0.9983          180.1          0.869
         183000       0.563604            537         0.9983          181.1          0.873
         184000       0.568175            543         0.9983          182.1          0.879
         185000       0.571560            545         0.9983          183.1          0.879
         186000       0.575084            549         0.9983          184.1          0.881
         187000       0.578634            555         0.9983          185.1          0.881
         188000       0.582273            559         0.9983          186.1          0.878
         189000       0.586194            560         0.9983          187.0          0.879
         190000       0.589978            561         0.9983          188.0          0.879
         191000       0.592195            563         0.9983          189.0          0.855
         192000       0.594921            567         0.9983          189.9          0.863
         193000       0.597747            567         0.9983          190.9          0.883
         194000       0.600143            569         0.9982          191.8          0.893
         195000       0.603155            571         0.9982          192.8          0.899
         196000       0.604834            573         0.9982          193.8          0.876
         197000       0.607813            578         0.9983          194.8          0.855
         198000       0.611152            581         0.9982          195.8          0.867
         199000       0.614230            581         0.9982          196.8          0.858
         200000       0.617659            585         0.9982          197.8          0.870
         201000       0.620664            593         0.9982          198.7          0.848
         202000       0.623059            596         0.9982          199.7          0.872
         203000       0.626172            599         0.9982          200.7          0.908
         204000       0.629098            600         0.9982          201.7          0.928
         205000       0.632588            602         0.9982          202.7          0.911
         206000       0.635986            607         0.9982          203.7          0.968
         207000       0.638549            612         0.9982          204.7          0.825
         208000       0.642018            617         0.9982          205.7          0.838
         209000       0.644498            619         0.9982          206.7          0.856
         210000       0.646946            622         0.9982          207.7          0.856
         211000       0.650574            625         0.9982          208.7          0.873
         212000       0.653869            628         0.9982          209.7          0.867
         213000       0.657363            634         0.9981          210.7          0.926
         214000       0.660921            639         0.9981          211.7          0.931
         215000       0.664350            640         0.9981          212.7          0.893
         216000       0.668317            644         0.9981          213.7          0.931
         217000       0.672526            649         0.9981          214.7          0.932
         218000       0.675765            651         0.9981          215.7          0.914
         219000       0.678934            656         0.9981          216.7          0.930
         220000       0.683487            662         0.9981          217.7          0.910
         221000       0.687272            664         0.9981          218.7          0.914
         222000       0.690392            668         0.9981          219.7          0.909
         223000       0.693939            670         0.9981          220.7          0.893
         224000       0.696969            673         0.9981          221.7          0.968
         225000       0.699574            676         0.9981          222.7          0.963
         226000       0.703154            680         0.9981          223.6          0.806
         227000       0.705846            681         0.9981          224.6          0.801
         228000       0.708834            688         0.9981          225.6          0.841
         229000       0.711687            691         0.9980          226.5          0.834
         230000       0.715088            692         0.9980          227.5          0.889
         231000       0.719724            699         0.9980          228.6          0.885
         232000       0.723539            704         0.9980          229.5          0.908
         233000       0.727194            706         0.9980          230.6          0.905
         234000       0.729987            709         0.9980          231.5          0.852
         235000       0.733129            715         0.9980          232.5          0.864
         236000       0.736713            718         0.9980          233.6          0.846
         237000       0.740216            724         0.9980          234.6          0.838
         238000       0.744300            727         0.9980          235.6          0.823
         239000       0.748034            734         0.9979          236.6          0.821
         240000       0.750922            739         0.9979          237.6          0.800
         241000       0.753751            741         0.9979          238.7          0.795
         242000       0.757159            742         0.9979          239.7          0.822
         243000       0.760632            748         0.9979          240.7          0.798
         244000       0.764666            749         0.9979          241.7          0.796
         245000       0.768877            754         0.9979          242.7          0.795
         246000       0.772352            761         0.9979          243.7          0.792
         247000       0.775658            763         0.9978          244.7          0.792
         248000       0.779009            767         0.9978          245.8          0.792
         249000       0.782195            773         0.9978          246.8          0.787
         250000       0.785448            778         0.9978          247.8          0.787
         251000       0.788670            783         0.9978          248.8          0.792
         252000       0.792887            791         0.9978          249.8          0.791
         253000       0.794330            792         0.9978          250.8          0.788
         254000       0.797962            798         0.9978          251.7          0.789
         255000       0.801939            803         0.9978          252.7          0.791
         256000       0.805643            803         0.9978          253.7          0.819
         257000       0.809922            806         0.9977          254.7          0.794
         258000       0.813402            809         0.9977          255.7          0.809
         259000       0.816847            814         0.9977          256.6          0.919
         260000       0.820509            817         0.9977          257.7          0.935
         261000       0.823682            822         0.9977          258.7          0.888
         262000       0.827698            824         0.9977          259.7          0.942
         263000       0.830920            826         0.9977          260.7          0.941
         264000       0.833842            828         0.9977          261.8          0.838
         265000       0.837262            833         0.9977          262.8          0.937
         266000       0.840848            835         0.9977          263.8          0.847
         267000       0.843204            837         0.9977          264.8          0.835
         268000       0.846259            838         0.9977          265.8          0.819
         269000       0.849566            843         0.9977          266.9          0.832
         270000       0.852282            844         0.9977          267.9          0.883
         271000       0.855858            849         0.9977          268.9          0.908
         272000       0.858209            851         0.9977          269.9          0.911
         273000       0.862252            855         0.9977          270.9          0.913
         274000       0.865008            858         0.9977          271.9          0.919
         275000       0.867271            863         0.9977          272.9          0.899
         276000       0.869919            866         0.9977          273.9          0.938
         277000       0.873149            867         0.9976          275.0          0.882
         278000       0.875399            870         0.9976          276.0          0.877
         279000       0.878116            873         0.9976          277.0          0.811
         280000       0.881315            876         0.9976          278.0          0.800
         281000       0.885256            880         0.9976          279.0          0.798
         282000       0.888908            885         0.9976          280.0          0.794
         283000       0.891372            888         0.9976          281.1          0.792
         284000       0.894356            890         0.9976          282.1          0.795
         285000       0.898783            893         0.9976          283.1          0.797
         286000       0.902247            899         0.9976          284.2          0.794
         287000       0.905766            902         0.9976          285.2          0.787
         288000       0.909739            905         0.9976          286.2          0.786
         289000       0.913361            910         0.9976          287.2          0.789
         290000       0.916488            913         0.9976          288.2          0.791
         291000       0.920413            915         0.9976          289.2          0.797
         292000       0.924220            918         0.9976          290.2          0.805
         293000       0.926833            922         0.9975          291.3          0.800
         294000       0.929373            926         0.9975          292.3          0.797
         295000       0.933762            926         0.9975          293.3          0.796
         296000       0.937461            933         0.9975          294.3          0.790
         297000       0.939475            938         0.9975          295.3          0.788
         298000       0.943100            940         0.9975          296.3          0.784
         299000       0.945974            941         0.9975          297.4          0.783
         300000       0.948232            941         0.9975          298.4          0.781
         301000       0.950362            944         0.9975          299.4          0.778
         302000       0.954170            948         0.9975          300.4          0.772
         303000       0.957543            951         0.9975          301.4          0.768
         304000       0.961285            953         0.9975          302.4          0.878
         305000       0.965351            957         0.9975          303.4          0.778
         306000       0.968472            962         0.9975          304.4          0.774
         307000       0.971932            967         0.9975          305.4          0.789
         308000       0.974854            969         0.9975          306.5          0.823
         309000       0.977749            971         0.9975          307.5          0.884
         310000       0.981261            976         0.9975          308.5          0.800
         311000       0.984917            979         0.9975          309.5          0.801
         312000       0.988137            982         0.9975          310.6          0.808
         313000       0.991567            989         0.9975          311.6          0.788
         314000       0.995021            993         0.9975          312.6          0.799
         315000       0.998368            995         0.9975          313.6          0.790
         316000       1.001656            999         0.9974          314.6          0.787
         317000       1.004979           1000         0.9974          315.6          0.783
         318000       1.008416           1003         0.9974          316.6          0.868
         319000       1.011835           1005         0.9974          317.6          0.816
         320000       1.014939           1007         0.9974          318.6          0.799
         321000       1.018836           1014         0.9974          319.7          0.832
         322000       1.022312           1015         0.9974          320.7          0.856
         323000       1.025320           1019         0.9974          321.8          0.861
         324000       1.028159           1020         0.9974          322.8          0.820
         325000       1.031791           1026         0.9974          323.8          0.800
         326000       1.035428           1027         0.9974          324.8          0.842
         327000       1.039723           1034         0.9973          325.8          0.871
         328000       1.042769           1039         0.9974          326.8          0.888
         329000       1.045555           1044         0.9973          327.8          0.905
         330000       1.049159           1048         0.9973          328.9          0.942
         331000       1.052380           1050         0.9973          329.9          0.987
         332000       1.056565           1057         0.9973          330.9          0.972
         333000       1.059073           1058         0.9973          331.9          0.986
         334000       1.061620           1058         0.9973          333.0          1.077
         335000       1.064987           1061         0.9973          334.1          1.079
         336000       1.067899           1064         0.9973          335.1          0.929
         337000       1.071709           1067         0.9973          336.1          0.919
         338000       1.074557           1074         0.9973          337.1          0.927
         339000       1.079483           1079         0.9973          338.1          1.075
         340000       1.082322           1082         0.9973          339.1          0.949
         341000       1.085659           1082         0.9973          340.2          1.091
         342000       1.088940           1085         0.9973          341.2          1.002
         343000       1.091331           1087         0.9973          342.3          1.001
         344000       1.093738           1090         0.9973          343.3          0.996
         345000       1.097454           1092         0.9973          344.3          1.017
         346000       1.099724           1095         0.9973          345.3          1.012
         347000       1.102551           1098         0.9973          346.4          1.099
         348000       1.105595           1100         0.9973          347.5          1.061
         349000       1.108581           1100         0.9973          348.5          0.989
         350000       1.111091           1102         0.9973          349.5          1.061
         351000       1.114354           1103         0.9973          350.5          1.050
         352000       1.118036           1107         0.9973          351.5          1.025
         353000       1.121177           1109         0.9973          352.5          0.992
         354000       1.125275           1113         0.9973          353.5          1.108
         355000       1.129901           1119         0.9973          354.5          1.074
         356000       1.133000           1121         0.9972          355.6          1.064
         357000       1.135747           1126         0.9972          356.6          0.999
         358000       1.138428           1127         0.9972          357.6          1.074
         359000       1.141964           1135         0.9972          358.6          0.962
         360000       1.145545           1142         0.9972          359.7          1.070
         361000       1.147017           1148         0.9972          360.7          1.033
         362000       1.150638           1152         0.9972          361.7          0.982
         363000       1.153729           1156         0.9972          362.7          1.068
         364000       1.158160           1161         0.9972          363.8          1.026
         365000       1.161747           1163         0.9972          364.9          1.197
         366000       1.165709           1166         0.9972          365.9          0.925
         367000       1.169815           1168         0.9972          366.9          1.068
         368000       1.173376           1168         0.9972          367.9          1.123
         369000       1.176222           1170         0.9972          368.9          1.073
         370000       1.179253           1170         0.9972          370.0          1.064
         371000       1.182700           1175         0.9972          371.0          1.064
         372000       1.185673           1177         0.9972          372.0          1.094
         373000       1.188616           1179         0.9972          373.1          1.059
         374000       1.191741           1182         0.9972          374.2          1.094
         375000       1.194837           1184         0.9971          375.2          1.096
         376000       1.197874           1189         0.9971          376.2          1.074
         377000       1.200801           1193         0.9971          377.2          1.134
         378000       1.203890           1194         0.9971          378.2          1.107
         379000       1.207747           1200         0.9971          379.3          1.019
         380000       1.210908           1205         0.9971          380.3          1.030
         381000       1.214614           1206         0.9971          381.4          1.023
         382000       1.217398           1211         0.9971          382.4          1.044
         383000       1.221395           1215         0.9971          383.5          0.984
         384000       1.223904           1223         0.9971          384.5          1.055
         385000       1.227275           1225         0.9971          385.5          0.985
         386000       1.230543           1227         0.9971          386.6          1.051
         387000       1.234120           1229         0.9971          387.6          0.993
         388000       1.236505           1232         0.9971          388.7          1.110
         389000       1.239818           1236         0.9971          389.6          1.016
         390000       1.243521           1237         0.9970          390.6          0.998
         391000       1.246881           1241         0.9970          391.6          0.955
         392000       1.249694           1244         0.9970          392.6          1.036
         393000       1.252692           1248         0.9970          393.6          1.034
         394000       1.256303           1249         0.9970          394.7          0.980
         395000       1.260474           1251         0.9970          395.8          0.993
         396000       1.264533           1254         0.9970          396.9          1.101
         397000       1.267276           1256         0.9970          397.9          0.926
         398000       1.270237           1260         0.9970          398.9          0.936
         399000       1.274475           1262         0.9970          399.9          0.994
         400000       1.278402           1263         0.9970          400.9          1.118
         401000       1.281612           1266         0.9970          402.0          1.163
         402000       1.285627           1269         0.9970          403.0          1.172
         403000       1.289317           1273         0.9970          404.1          1.108
         404000       1.293230           1277         0.9970          405.1          1.095
         405000       1.295956           1281         0.9970          406.1          1.131
         406000       1.298892           1282         0.9970          407.2          1.105
         407000       1.303708           1286         0.9969          408.3          1.111
         408000       1.307206           1292         0.9969          409.3          1.077
         409000       1.311054           1293         0.9969          410.4          1.077
         410000       1.313853           1295         0.9969          411.4          1.163
         411000       1.317458           1301         0.9969          412.4          1.132
         412000       1.321286           1307         0.9969          413.5          1.127
         413000       1.323870           1309         0.9969          414.5          1.137
         414000       1.326918           1312         0.9969          415.6          1.151
         415000       1.329830           1313         0.9969          416.6          1.185
         416000       1.332787           1315         0.9969          417.7          1.200
         417000       1.336882           1319         0.9969          418.8          1.180
         418000       1.340504           1320         0.9969          419.8          1.111
         419000       1.344161           1323         0.9969          420.9          1.116
         420000       1.346838           1326         0.9969          422.1          1.214
         421000       1.350154           1329         0.9969          423.2          1.175
         422000       1.353977           1335         0.9969          424.4          1.235
         423000       1.356309           1337         0.9969          425.5          1.169
         424000       1.359071           1341         0.9969          426.5          1.156
         425000       1.362935           1343         0.9969          427.5          1.156
         426000       1.366297           1348         0.9968          428.6          1.100
         427000       1.369014           1351         0.9968          429.6          1.104
         428000       1.372436           1354         0.9968          430.7          1.116
         429000       1.375441           1360         0.9968          431.8          1.208
         430000       1.378854           1364         0.9968          432.9          1.121
         431000       1.381900           1367         0.9968          434.0          1.187
         432000       1.385644           1372         0.9968          435.1          1.115
         433000       1.388685           1378         0.9968          436.2          1.210
         434000       1.392008           1384         0.9968          437.4          1.160
         435000       1.395091           1387         0.9968          438.4          1.082
         436000       1.398143           1391         0.9968          439.4          1.137
         437000       1.401959           1393         0.9968          440.5          1.150
         438000       1.405402           1397         0.9968          441.5          1.055
         439000       1.408212           1400         0.9968          442.6          1.170
         440000       1.412095           1406         0.9968          443.6          1.224
         441000       1.415807           1411         0.9967          444.6          1.175
         442000       1.419326           1411         0.9967          445.8          1.182
         443000       1.422740           1415         0.9967          446.8          1.187
         444000       1.426032           1417         0.9967          447.8          1.136
         445000       1.428919           1420         0.9967          448.8          1.163
         446000       1.432953           1425         0.9967          449.9          1.137
         447000       1.436153           1427         0.9967          450.9          1.176
         448000       1.438844           1429         0.9967          451.9          1.108
         449000       1.441556           1432         0.9967          453.0          1.098
         450000       1.444202           1437         0.9967          454.0          1.175
         451000       1.446792           1437         0.9967          455.1          1.068
         452000       1.450069           1440         0.9967          456.1          1.036
         453000       1.453815           1444         0.9967          457.2          1.178
         454000       1.458033           1447         0.9967          458.3          1.117
         455000       1.461421           1455         0.9967          459.3          1.090
         456000       1.464798           1457         0.9967          460.4          1.015
         457000       1.467653           1461         0.9966          461.4          1.017
         458000       1.471636           1464         0.9966          462.4          1.014
         459000       1.475311           1467         0.9966          463.5          1.055
         460000       1.478262           1470         0.9966          464.5          1.168
         461000       1.482048           1473         0.9966          465.5          1.260
         462000       1.485161           1476         0.9966          466.6          1.195
         463000       1.488191           1477         0.9966          467.8          1.205
         464000       1.492503           1480         0.9966          468.8          1.082
         465000       1.495743           1482         0.9966          469.9          1.091
         466000       1.498064           1490         0.9966          470.9          1.189
         467000       1.501653           1494         0.9966          472.1          1.125
         468000       1.504634           1500         0.9966          473.3          1.164
         469000       1.508692           1505         0.9965          474.4          1.133
         470000       1.512331           1513         0.9965          475.6          0.999
         471000       1.516353           1516         0.9965          476.6          1.113
         472000       1.519569           1519         0.9965          477.7          1.159
         473000       1.523593           1522         0.9965          478.8          1.185
         474000       1.526674           1530         0.9965          479.9          1.199
         475000       1.530033           1535         0.9965          481.1          1.172
         476000       1.532957           1535         0.9965          482.1          1.175
         477000       1.536072           1538         0.9965          483.2          1.159
         478000       1.539140           1540         0.9965          484.4          1.235
         479000       1.542066           1542         0.9965          485.6          1.215
         480000       1.545612           1544         0.9965          486.6          1.190
         481000       1.549098           1547         0.9965          487.6          1.162
         482000       1.552593           1548         0.9965          488.7          1.257
         483000       1.555166           1553         0.9965          489.9          1.263
         484000       1.558282           1557         0.9965          491.2          1.253
         485000       1.561817           1560         0.9965          492.2          1.207
         486000       1.565187           1565         0.9964          493.4          1.232
         487000       1.568740           1569         0.9964          494.5          1.228
         488000       1.571273           1571         0.9964          495.8          1.190
         489000       1.574148           1578         0.9964          496.9          1.178
         490000       1.577573           1578         0.9964          498.1          1.186
         491000       1.581552           1581         0.9964          499.2          1.257
         492000       1.584772           1584         0.9964          500.4          1.234
         493000       1.588360           1587         0.9964          501.6          1.276
         494000       1.591683           1589         0.9964          502.9          1.341
         495000       1.594135           1592         0.9964          504.5          1.259
         496000       1.597037           1596         0.9964          505.8          1.260
         497000       1.600270           1599         0.9964          506.9          1.170
         498000       1.602971           1600         0.9964          508.1          1.193
         499000       1.605706           1603         0.9964          509.5          1.241
         500000       1.608613           1606         0.9964          510.7          1.223
         501000       1.612219           1606         0.9964          511.8          1.193
         502000       1.615723           1610         0.9963          512.9          1.209
         503000       1.619020           1614         0.9963          514.0          1.169
         504000       1.621840           1617         0.9963          515.3          1.193
         505000       1.625070           1620         0.9963          516.4          1.223
         506000       1.627568           1625         0.9963          517.4          1.222
         507000       1.631327           1626         0.9963          518.6          1.341
         508000       1.634840           1631         0.9963          519.8          1.202
         509000       1.638211           1636         0.9963          521.0          1.157
         510000       1.641481           1640         0.9963          522.0          1.240
         511000       1.644223           1642         0.9963          523.1          1.167
         512000       1.647699           1646         0.9963          524.2          1.199
         513000       1.651428           1653         0.9963          525.4          1.106
         514000       1.654768           1656         0.9963          526.4          1.197
         515000       1.657897           1658         0.9963          527.6          1.251
         516000       1.661989           1665         0.9963          528.8          1.286
         517000       1.665031           1666         0.9963          530.2          1.298
         518000       1.668387           1669         0.9963          531.3          1.265
         519000       1.671062           1672         0.9963          532.5          1.184
         520000       1.674403           1676         0.9963          533.7          1.182
         521000       1.677372           1679         0.9962          535.0          1.145
         522000       1.681308           1683         0.9962          536.1          1.162
         523000       1.684849           1687         0.9962          537.3          1.256
         524000       1.687760           1690         0.9962          538.4          1.312
         525000       1.690991           1690         0.9962          539.5          1.321
         526000       1.693996           1691         0.9962          540.6          1.285
         527000       1.697811           1696         0.9962          541.8          1.276
         528000       1.700557           1701         0.9962          543.0          1.218
         529000       1.703304           1703         0.9962          544.1          1.232
         530000       1.706657           1706         0.9962          545.2          1.224
         531000       1.709549           1711         0.9962          546.5          1.222
         532000       1.712542           1713         0.9962          547.6          1.267
         533000       1.715534           1714         0.9962          548.7          1.171
         534000       1.718849           1716         0.9961          549.8          1.260
         535000       1.721887           1718         0.9961          551.1          1.297
         536000       1.725994           1724         0.9961          552.3          1.179
         537000       1.729465           1729         0.9961          553.3          1.277
         538000       1.732383           1733         0.9961          554.6          1.324
         539000       1.735262           1740         0.9961          555.8          1.288
         540000       1.737840           1745         0.9961          557.1          1.256
         541000       1.741113           1749         0.9961          558.4          1.300
         542000       1.744435           1757         0.9961          559.5          1.328
         543000       1.748278           1763         0.9961          560.8          1.328
         544000       1.751546           1768         0.9961          561.8          1.371
         545000       1.755000           1768         0.9961          562.9          1.351
         546000       1.757489           1769         0.9961          564.0          1.306
         547000       1.760994           1774         0.9961          565.4          1.401
         548000       1.764523           1778         0.9961          566.5          1.372
         549000       1.768084           1780         0.9961          567.9          1.341
         550000       1.771625           1783         0.9961          569.2          1.270
         551000       1.775343           1784         0.9960          570.6          1.311
         552000       1.778596           1788         0.9960          572.0          1.281
         553000       1.781948           1791         0.9960          573.4          1.329
         554000       1.784556           1793         0.9960          574.5          1.291
         555000       1.788135           1797         0.9960          575.9          1.379
         556000       1.791758           1798         0.9960          577.4          1.362
         557000       1.795375           1800         0.9960          578.9          1.333
         558000       1.798447           1805         0.9960          580.1          1.363
         559000       1.801885           1808         0.9960          581.3          1.224
         560000       1.805248           1810         0.9960          582.8          1.305
         561000       1.808962           1814         0.9960          584.2          1.318
         562000       1.811682           1815         0.9960          585.6          1.378
         563000       1.814685           1821         0.9960          586.8          1.385
         564000       1.818386           1823         0.9960          588.0          1.348
         565000       1.821800           1830         0.9960          589.2          1.247
         566000       1.824642           1830         0.9960          590.4          1.225
         567000       1.827516           1834         0.9960          591.6          1.387
         568000       1.831071           1837         0.9960          592.9          1.239
         569000       1.834834           1839         0.9960          594.4          1.273
         570000       1.838861           1842         0.9960          595.7          1.311
         571000       1.842029           1844         0.9960          597.1          1.283
         572000       1.845410           1847         0.9960          598.2          1.200
         573000       1.848561           1848         0.9960          599.6          1.213
         574000       1.851379           1849         0.9960          600.7          1.304
         575000       1.854699           1858         0.9960          602.1          1.261
         576000       1.858431           1861         0.9960          603.6          1.270
         577000       1.862021           1865         0.9959          604.9          1.364
         578000       1.865300           1869         0.9959          606.3          1.379
         579000       1.868248           1869         0.9959          608.0          1.303
         580000       1.871629           1874         0.9959          609.7          1.368
         581000       1.875171           1879         0.9959          611.0          1.346
         582000       1.878173           1881         0.9959          612.5          1.445
         583000       1.881437           1885         0.9959          614.1          1.435
         584000       1.885341           1888         0.9959          615.7          1.545
         585000       1.888727           1892         0.9959          617.8          1.482
         586000       1.891860           1895         0.9959          619.2          1.450
         587000       1.895194           1897         0.9959          620.4          1.509
         588000       1.898524           1902         0.9959          621.8          1.481
         589000       1.901993           1905         0.9959          623.3          1.441
         590000       1.904737           1908         0.9959          624.5          1.448
         591000       1.908307           1912         0.9959          625.9          1.401
         592000       1.911218           1912         0.9959          627.1          1.374
         593000       1.914947           1914         0.9958          628.6          1.413
         594000       1.918531           1916         0.9958          630.3          1.426
         595000       1.922165           1920         0.9958          631.7          1.511
         596000       1.924955           1925         0.9958          632.8          1.519
         597000       1.928680           1929         0.9958          634.5          1.515
         598000       1.932438           1932         0.9958          635.8          1.499
         599000       1.935232           1935         0.9958          637.6          1.541
         600000       1.939203           1940         0.9958          639.5          1.506
         601000       1.942400           1940         0.9958          641.3          1.531
         602000       1.946360           1942         0.9958          643.6          1.522
         603000       1.949591           1945         0.9958          646.1          1.487
         604000       1.952411           1946         0.9958          647.3          1.480
         605000       1.955673           1949         0.9958          649.0          1.476
         606000       1.959553           1954         0.9958          650.2          1.468
         607000       1.962759           1956         0.9958          652.6          1.416
         608000       1.966050           1962         0.9958          654.2          1.341
         609000       1.969270           1964         0.9958          655.9          1.420
         610000       1.971402           1966         0.9958          657.1          1.450
         611000       1.973846           1968         0.9957          658.8          1.422
         612000       1.976407           1973         0.9957          660.0          1.443
         613000       1.979805           1978         0.9957          661.5          1.438
         614000       1.982907           1983         0.9957          663.0          1.468
         615000       1.985734           1986         0.9957          664.9          1.502
         616000       1.988609           1986         0.9957          666.5          1.499
         617000       1.991773           1987         0.9957          668.3          1.465
         618000       1.994616           1989         0.9957          670.4          1.538
         619000       1.998501           1993         0.9957          672.5          1.532
