KMC 1+1 simulation started

Simulation parameters:
=====================================================
       substrate_lattice_constant [A] = 2.71500
          adatom_lattice_constant [A] = 2.83000
             vertical_lat_spacing [A] = 2.86833
      spring_const_neighbors [eV/A/A] = 2.15025
 spring_const_next_neighbors [eV/A/A] = 1.07513
                     misfit_coeff [A] = 0.04236
                              D [1/s] = 5.19588e+12
                               E [eV] = 0.53000
                     bond_energy [eV] = 0.40000
                               grid_x = 500
                               grid_y = 80
                     substrate_height = 16
           local_relaxation_range_min = 10
           local_relaxation_range_max = 10
                     time_fluence [s] = 8.000
                  simulation_time [s] = 2.000
                      diffusion_range = 8
              deposition_speed [ML/s] = 0.080
                      temperature [K] = 600
=====================================================

           iter       sim_time      new_atoms         pr_acc   real_time[s]        duv_max
           1000       0.002023              1         1.0000            0.8          0.818
           2000       0.006042              4         1.0000            1.7          0.817
           3000       0.007548              5         1.0000            2.7          0.817
           4000       0.008581              5         1.0000            3.6          0.817
           5000       0.009617              5         1.0000            4.5          0.817
           6000       0.010182              6         1.0000            5.4          0.818
           7000       0.011565              7         1.0000            6.3          0.818
           8000       0.012660             10         1.0000            7.2          0.817
           9000       0.014029             12         1.0000            8.1          0.818
          10000       0.015728             15         1.0000            9.1          0.819
          11000       0.016134             15         1.0000           10.0          0.818
          12000       0.016628             15         1.0000           10.9          0.818
          13000       0.017363             15         1.0000           11.8          0.819
          14000       0.018215             17         1.0000           12.7          0.818
          15000       0.020300             18         1.0000           13.6          0.820
          16000       0.023479             20         0.9999           14.5          0.819
          17000       0.025388             24         0.9999           15.4          0.821
          18000       0.030217             28         0.9999           16.4          0.822
          19000       0.033733             32         0.9998           17.3          0.825
          20000       0.035397             35         0.9998           18.2          0.826
          21000       0.038330             41         0.9998           19.1          0.826
          22000       0.042216             45         0.9998           20.0          0.827
          23000       0.044840             48         0.9998           21.0          0.833
          24000       0.047788             51         0.9998           21.9          0.834
          25000       0.051814             57         0.9998           22.9          0.835
          26000       0.053528             58         0.9997           23.9          0.838
          27000       0.057629             65         0.9997           24.8          0.844
          28000       0.061738             72         0.9997           25.8          0.844
          29000       0.064530             73         0.9997           26.7          0.842
          30000       0.067582             76         0.9997           27.6          0.845
          31000       0.069859             79         0.9997           28.6          0.844
          32000       0.074588             85         0.9997           29.5          0.845
          33000       0.078706             90         0.9996           30.5          0.844
          34000       0.080825             91         0.9996           31.5          0.845
          35000       0.085542             96         0.9996           32.4          0.855
          36000       0.088206             99         0.9996           33.4          0.862
          37000       0.090392            102         0.9996           34.4          0.872
          38000       0.092842            103         0.9996           35.3          0.874
          39000       0.094359            104         0.9996           36.2          0.874
          40000       0.097648            108         0.9996           37.1          0.877
          41000       0.099645            111         0.9996           38.2          0.876
          42000       0.101633            114         0.9996           39.1          0.877
          43000       0.106301            119         0.9995           40.1          0.874
          44000       0.108618            120         0.9995           41.0          0.863
          45000       0.111026            121         0.9995           41.9          0.881
          46000       0.114875            127         0.9995           43.0          0.873
          47000       0.117599            129         0.9995           43.9          0.859
          48000       0.120831            129         0.9995           44.9          0.856
          49000       0.122747            133         0.9994           45.8          0.855
          50000       0.126167            135         0.9994           46.8          0.855
          51000       0.129172            136         0.9994           47.7          0.859
          52000       0.133014            139         0.9994           48.6          0.859
          53000       0.136366            144         0.9994           49.5          0.848
          54000       0.140046            153         0.9994           50.5          0.841
          55000       0.142815            159         0.9994           51.4          0.839
          56000       0.146577            165         0.9994           52.4          0.848
          57000       0.149758            169         0.9993           53.3          0.866
          58000       0.151325            171         0.9993           54.2          0.857
          59000       0.153256            172         0.9993           55.2          0.871
          60000       0.156229            173         0.9993           56.1          0.884
          61000       0.160002            176         0.9993           57.1          0.878
          62000       0.163739            180         0.9993           58.1          0.858
          63000       0.167529            183         0.9993           59.0          0.857
          64000       0.171336            186         0.9993           60.0          0.881
          65000       0.176186            190         0.9994           60.9          0.861
          66000       0.179916            191         0.9994           61.9          0.858
          67000       0.182636            191         0.9994           62.8          0.858
          68000       0.185253            193         0.9994           63.8          0.873
          69000       0.188958            200         0.9993           64.7          0.869
          70000       0.191149            203         0.9993           65.7          0.873
          71000       0.195183            205         0.9993           66.6          0.864
          72000       0.197295            209         0.9993           67.6          0.863
          73000       0.200842            211         0.9993           68.6          0.880
          74000       0.204311            213         0.9993           69.5          0.884
          75000       0.207177            215         0.9993           70.5          0.878
          76000       0.209580            218         0.9993           71.4          0.882
          77000       0.212238            220         0.9993           72.4          0.874
          78000       0.216796            226         0.9992           73.4          0.848
          79000       0.219222            229         0.9992           74.3          0.851
          80000       0.222081            233         0.9992           75.3          0.851
          81000       0.224615            235         0.9992           76.3          0.846
          82000       0.228657            242         0.9992           77.2          0.843
          83000       0.232001            247         0.9992           78.1          0.843
          84000       0.235556            250         0.9992           79.1          0.844
          85000       0.239204            255         0.9992           80.0          0.848
          86000       0.241826            260         0.9992           81.0          0.857
          87000       0.246025            267         0.9991           82.0          0.856
          88000       0.249400            269         0.9991           82.9          0.861
          89000       0.253652            272         0.9991           83.9          0.857
          90000       0.258742            284         0.9991           84.9          0.856
          91000       0.262751            287         0.9991           85.9          0.854
          92000       0.264781            290         0.9991           86.9          0.851
          93000       0.268253            294         0.9991           87.8          0.855
          94000       0.272749            297         0.9991           88.8          0.869
          95000       0.275983            298         0.9991           89.7          0.885
          96000       0.278658            299         0.9991           90.6          0.898
          97000       0.280799            301         0.9991           91.7          0.949
          98000       0.285142            306         0.9991           92.6          0.939
          99000       0.288131            308         0.9991           93.6          0.987
         100000       0.290666            311         0.9991           94.6          0.982
         101000       0.292662            315         0.9991           95.6          0.931
         102000       0.295416            320         0.9991           96.6          0.970
         103000       0.299098            321         0.9991           97.6          0.987
         104000       0.302368            324         0.9991           98.6          0.992
         105000       0.304578            326         0.9991           99.6          0.999
         106000       0.306981            326         0.9990          100.5          0.856
         107000       0.310377            332         0.9991          101.5          0.863
         108000       0.313154            335         0.9990          102.4          0.865
         109000       0.316523            337         0.9990          103.4          0.896
         110000       0.318644            341         0.9990          104.4          0.968
         111000       0.320742            346         0.9990          105.4          0.926
         112000       0.323257            349         0.9990          106.3          0.975
         113000       0.326534            352         0.9990          107.3          0.923
         114000       0.328980            355         0.9990          108.2          0.975
         115000       0.331007            357         0.9990          109.2          0.918
         116000       0.333719            363         0.9989          110.2          0.903
         117000       0.337849            365         0.9989          111.1          0.941
         118000       0.339689            366         0.9989          112.1          0.991
         119000       0.343931            372         0.9989          113.0          0.965
         120000       0.346370            378         0.9990          114.0          0.982
         121000       0.350322            379         0.9989          114.9          0.997
         122000       0.353178            380         0.9989          115.9          0.991
         123000       0.356570            383         0.9989          116.9          1.004
         124000       0.358426            386         0.9989          117.8          1.007
         125000       0.361541            386         0.9989          118.8          0.956
         126000       0.364391            390         0.9989          119.8          0.957
         127000       0.366746            392         0.9989          120.7          1.006
         128000       0.369465            395         0.9989          121.8          1.008
         129000       0.371880            400         0.9988          122.7          0.964
         130000       0.374792            402         0.9988          123.7          0.949
         131000       0.378228            406         0.9988          124.7          1.032
         132000       0.380677            410         0.9988          125.7          1.029
         133000       0.383800            415         0.9988          126.6          1.033
         134000       0.385526            419         0.9988          127.6          1.032
         135000       0.388590            424         0.9988          128.7          1.032
         136000       0.391684            429         0.9988          129.7          0.957
         137000       0.393384            431         0.9988          130.6          0.918
         138000       0.396048            433         0.9988          131.6          0.943
         139000       0.399317            437         0.9988          132.6          0.994
         140000       0.403785            441         0.9987          133.6          0.903
         141000       0.406077            444         0.9987          134.6          0.880
         142000       0.409466            447         0.9987          135.6          0.872
         143000       0.412722            453         0.9987          136.6          0.950
         144000       0.415790            454         0.9987          137.6          0.836
         145000       0.418829            457         0.9987          138.6          0.832
         146000       0.421772            460         0.9987          139.6          0.830
         147000       0.424813            466         0.9986          140.6          0.832
         148000       0.428797            470         0.9986          141.6          0.831
         149000       0.432543            474         0.9986          142.6          0.831
         150000       0.435646            474         0.9986          143.6          0.837
         151000       0.437903            478         0.9985          144.6          0.843
         152000       0.441043            480         0.9986          145.7          0.841
         153000       0.444737            486         0.9985          146.6          0.889
         154000       0.447264            489         0.9985          147.6          0.964
         155000       0.451368            492         0.9985          148.6          0.930
         156000       0.455355            495         0.9985          149.6          0.989
         157000       0.458645            498         0.9985          150.6          0.958
         158000       0.461967            502         0.9985          151.6          0.950
         159000       0.465010            504         0.9984          152.6          0.913
         160000       0.468541            507         0.9984          153.6          0.986
         161000       0.471494            510         0.9984          154.6          0.910
         162000       0.474744            511         0.9984          155.6          0.995
         163000       0.477774            513         0.9984          156.6          0.930
         164000       0.480867            517         0.9984          157.6          0.985
         165000       0.484923            520         0.9984          158.7          0.923
         166000       0.488682            524         0.9983          159.7          0.989
         167000       0.491463            529         0.9983          160.8          0.991
         168000       0.494485            531         0.9983          161.8          1.033
         169000       0.497680            533         0.9983          162.8          0.933
         170000       0.501123            537         0.9983          163.8          0.910
         171000       0.504766            542         0.9983          164.8          0.977
         172000       0.508992            545         0.9982          165.7          1.014
         173000       0.512951            550         0.9982          166.7          0.957
         174000       0.516690            556         0.9982          167.8          1.012
         175000       0.520031            557         0.9982          168.8          1.010
         176000       0.524100            559         0.9982          169.8          0.938
         177000       0.527014            561         0.9982          170.8          0.916
         178000       0.530346            562         0.9982          171.8          0.899
         179000       0.533713            565         0.9982          172.8          0.915
         180000       0.536555            566         0.9982          173.7          0.902
         181000       0.539430            568         0.9982          174.8          0.897
         182000       0.542471            572         0.9981          175.8          1.038
         183000       0.544604            574         0.9981          176.7          1.008
         184000       0.547717            578         0.9981          177.7          1.064
         185000       0.550564            580         0.9981          178.7          1.068
         186000       0.553191            583         0.9981          179.8          0.990
         187000       0.556742            586         0.9981          180.9          1.087
         188000       0.559298            589         0.9981          181.9          1.100
         189000       0.561984            593         0.9981          182.9          1.102
         190000       0.565098            594         0.9981          184.0          1.006
         191000       0.568010            597         0.9981          185.0          1.042
         192000       0.570622            598         0.9981          186.0          0.997
         193000       0.574663            601         0.9981          187.0          0.980
         194000       0.577566            604         0.9980          188.0          1.103
         195000       0.582197            608         0.9980          189.1          1.075
         196000       0.585470            612         0.9980          190.1          1.069
         197000       0.588757            616         0.9980          191.1          1.138
         198000       0.592862            617         0.9980          192.2          1.070
         199000       0.596725            624         0.9980          193.2          1.073
         200000       0.600218            627         0.9980          194.2          1.079
         201000       0.603004            630         0.9979          195.2          1.136
         202000       0.606325            634         0.9979          196.2          1.143
         203000       0.609455            638         0.9979          197.3          1.142
         204000       0.612072            639         0.9979          198.3          1.107
         205000       0.615943            644         0.9979          199.3          1.037
         206000       0.620236            649         0.9979          200.4          1.107
         207000       0.622743            652         0.9979          201.4          1.119
         208000       0.626228            654         0.9979          202.5          1.058
         209000       0.629609            659         0.9979          203.5          1.093
         210000       0.633659            663         0.9978          204.5          1.156
         211000       0.637495            668         0.9978          205.6          0.992
         212000       0.640199            670         0.9978          206.6          1.003
         213000       0.643782            674         0.9978          207.7          1.066
         214000       0.647486            679         0.9978          208.8          1.003
         215000       0.649864            684         0.9978          209.9          0.963
         216000       0.653488            691         0.9978          210.8          1.002
         217000       0.657113            694         0.9978          211.9          1.056
         218000       0.659873            695         0.9978          212.9          0.978
         219000       0.663494            699         0.9978          214.0          0.999
         220000       0.666325            700         0.9978          215.0          1.016
         221000       0.669529            701         0.9978          216.0          1.050
         222000       0.671542            702         0.9978          217.0          0.990
         223000       0.675975            706         0.9978          218.0          0.967
         224000       0.679170            707         0.9978          219.1          0.996
         225000       0.682135            708         0.9978          220.1          0.969
         226000       0.685241            711         0.9977          221.3          0.940
         227000       0.688182            713         0.9977          222.3          0.940
         228000       0.691576            717         0.9977          223.4          0.936
         229000       0.694422            721         0.9977          224.4          1.002
         230000       0.697131            725         0.9977          225.4          0.953
         231000       0.701090            728         0.9977          226.4          0.999
         232000       0.704778            731         0.9977          227.4          0.984
         233000       0.708918            737         0.9977          228.5          1.004
         234000       0.711645            738         0.9977          229.5          0.964
         235000       0.714913            743         0.9977          230.6          1.057
         236000       0.718091            748         0.9977          231.7          1.052
         237000       0.721286            751         0.9977          232.7          1.047
         238000       0.725282            753         0.9977          233.7          1.022
         239000       0.728174            754         0.9977          234.8          0.991
         240000       0.732168            760         0.9976          235.8          0.969
         241000       0.735327            761         0.9976          236.8          0.964
         242000       0.738668            763         0.9976          237.9          0.971
         243000       0.742801            765         0.9976          238.9          0.960
         244000       0.745100            768         0.9976          240.0          0.968
         245000       0.747958            772         0.9976          241.1          0.981
         246000       0.750616            775         0.9975          242.2          0.922
         247000       0.753684            779         0.9975          243.2          0.931
         248000       0.757817            781         0.9975          244.3          0.996
         249000       0.761266            784         0.9975          245.4          1.065
         250000       0.764619            786         0.9975          246.5          0.977
         251000       0.767490            790         0.9975          247.5          0.984
         252000       0.770541            793         0.9975          248.5          0.974
         253000       0.773597            794         0.9975          249.7          1.009
         254000       0.777075            800         0.9975          250.7          1.125
         255000       0.780247            806         0.9974          251.6          1.118
         256000       0.784592            811         0.9974          252.8          1.143
         257000       0.787656            812         0.9974          253.9          1.124
         258000       0.790988            816         0.9974          255.0          1.069
         259000       0.794349            818         0.9974          256.1          1.102
         260000       0.797226            821         0.9974          257.2          1.065
         261000       0.801347            826         0.9974          258.3          1.114
         262000       0.805028            828         0.9974          259.3          1.029
         263000       0.807599            830         0.9974          260.4          1.136
         264000       0.809536            832         0.9974          261.5          1.125
         265000       0.812733            836         0.9974          262.5          1.134
         266000       0.815934            838         0.9974          263.6          1.164
         267000       0.820007            842         0.9974          264.8          1.181
         268000       0.822941            843         0.9973          266.0          1.189
         269000       0.826503            846         0.9973          267.0          1.135
         270000       0.829853            848         0.9973          267.9          1.165
         271000       0.833390            849         0.9973          269.0          1.196
         272000       0.836538            854         0.9973          270.1          1.112
         273000       0.840109            860         0.9973          271.2          1.192
         274000       0.843901            867         0.9973          272.2          1.113
         275000       0.847002            872         0.9973          273.3          1.156
         276000       0.850838            875         0.9973          274.4          1.103
         277000       0.854025            883         0.9972          275.4          1.175
         278000       0.858554            888         0.9972          276.4          1.157
         279000       0.862458            890         0.9972          277.6          1.104
         280000       0.865888            891         0.9972          278.7          1.122
         281000       0.868314            893         0.9972          279.7          1.191
         282000       0.871489            895         0.9972          280.6          1.190
         283000       0.875265            898         0.9972          281.7          1.190
         284000       0.878476            902         0.9972          283.0          1.121
         285000       0.882257            904         0.9972          284.0          1.129
         286000       0.885183            907         0.9972          285.2          1.082
         287000       0.888869            911         0.9971          286.4          1.213
         288000       0.891673            915         0.9971          287.4          1.199
         289000       0.895320            916         0.9971          288.3          1.173
         290000       0.898005            918         0.9971          289.4          1.131
         291000       0.901829            922         0.9971          290.6          1.109
         292000       0.905381            928         0.9971          291.8          1.086
         293000       0.908730            930         0.9971          292.9          1.160
         294000       0.910933            933         0.9971          293.9          1.116
         295000       0.914914            934         0.9971          295.0          1.166
         296000       0.917991            938         0.9970          296.1          1.165
         297000       0.921451            940         0.9970          297.4          1.188
         298000       0.924967            945         0.9970          298.4          1.037
         299000       0.928593            945         0.9970          299.4          1.046
         300000       0.932004            948         0.9970          300.4          0.987
         301000       0.934952            954         0.9970          301.4          0.979
         302000       0.939342            962         0.9970          302.5          1.002
         303000       0.942653            968         0.9970          303.5          1.001
         304000       0.945501            972         0.9970          304.5          1.069
         305000       0.948798            977         0.9970          305.8          0.973
         306000       0.952470            981         0.9970          306.8          0.919
         307000       0.956488            986         0.9970          307.8          0.902
         308000       0.958950            989         0.9970          308.8          0.910
         309000       0.962921            993         0.9970          309.8          1.007
         310000       0.965958            995         0.9970          310.8          1.077
         311000       0.969708           1001         0.9970          311.9          1.063
         312000       0.972335           1003         0.9970          312.9          1.005
         313000       0.975821           1009         0.9969          314.0          1.006
         314000       0.979425           1014         0.9969          315.0          1.042
         315000       0.981643           1018         0.9969          316.0          0.998
         316000       0.984555           1020         0.9969          317.1          1.000
         317000       0.988258           1022         0.9969          318.2          1.045
         318000       0.990709           1022         0.9969          319.2          1.070
         319000       0.993421           1023         0.9969          320.4          1.063
         320000       0.997044           1026         0.9969          321.5          1.078
         321000       0.999855           1029         0.9969          322.6          1.024
         322000       1.003225           1034         0.9969          323.8          1.122
         323000       1.006896           1039         0.9969          324.8          1.044
         324000       1.009812           1039         0.9969          325.9          1.147
         325000       1.012471           1041         0.9969          327.0          1.167
         326000       1.016451           1044         0.9969          328.2          1.181
         327000       1.019251           1046         0.9969          329.5          1.153
         328000       1.021069           1049         0.9969          330.5          1.151
         329000       1.024056           1052         0.9969          331.6          1.102
         330000       1.028162           1052         0.9969          332.8          1.146
         331000       1.031210           1055         0.9969          333.9          1.167
         332000       1.034483           1059         0.9969          335.0          1.100
         333000       1.037442           1065         0.9968          336.3          1.123
         334000       1.040176           1068         0.9968          337.4          1.119
         335000       1.043821           1071         0.9968          338.6          1.123
         336000       1.047386           1075         0.9968          339.7          1.163
         337000       1.051001           1078         0.9968          340.9          1.173
         338000       1.053887           1082         0.9968          342.1          1.123
         339000       1.056919           1083         0.9968          343.3          1.131
         340000       1.059330           1086         0.9968          344.3          1.154
         341000       1.062288           1088         0.9968          345.4          1.205
         342000       1.065337           1089         0.9968          346.3          1.115
         343000       1.068434           1092         0.9968          347.4          1.086
         344000       1.072091           1094         0.9968          348.5          1.212
         345000       1.075085           1096         0.9968          349.6          1.212
         346000       1.078312           1097         0.9968          350.8          1.139
         347000       1.081616           1101         0.9968          351.9          1.179
         348000       1.084626           1101         0.9968          353.1          1.155
         349000       1.088111           1102         0.9968          354.3          1.154
         350000       1.091722           1105         0.9968          355.4          1.162
         351000       1.095889           1107         0.9968          356.6          1.111
         352000       1.099544           1112         0.9967          357.8          1.145
         353000       1.103767           1118         0.9967          358.9          1.152
         354000       1.107289           1118         0.9967          360.1          1.206
         355000       1.110251           1122         0.9967          361.4          1.128
         356000       1.113850           1125         0.9967          362.4          1.171
         357000       1.118131           1129         0.9967          363.5          1.121
         358000       1.121943           1132         0.9967          364.7          1.081
         359000       1.125033           1135         0.9967          365.8          1.175
         360000       1.128874           1136         0.9967          367.2          1.210
         361000       1.132091           1142         0.9966          368.5          1.168
         362000       1.134995           1144         0.9966          369.6          1.159
         363000       1.138457           1148         0.9966          370.8          1.129
         364000       1.142157           1151         0.9966          371.7          1.124
         365000       1.146223           1154         0.9966          372.9          1.102
         366000       1.149888           1160         0.9966          373.9          1.126
         367000       1.152434           1161         0.9966          374.9          1.174
         368000       1.155598           1170         0.9966          375.9          1.134
         369000       1.159146           1174         0.9966          377.0          1.165
         370000       1.162670           1178         0.9966          378.0          1.160
         371000       1.165735           1182         0.9965          379.1          1.125
         372000       1.169556           1185         0.9965          380.3          1.125
         373000       1.173029           1187         0.9965          381.4          1.168
         374000       1.175860           1190         0.9965          382.7          1.129
         375000       1.178992           1193         0.9965          383.9          1.039
         376000       1.182175           1195         0.9965          385.0          1.116
         377000       1.185318           1195         0.9965          386.1          1.096
         378000       1.188479           1197         0.9965          387.1          1.114
         379000       1.192095           1199         0.9965          388.1          1.125
         380000       1.195654           1201         0.9965          389.2          1.090
         381000       1.198399           1205         0.9965          390.3          1.115
         382000       1.201644           1212         0.9965          391.3          1.121
         383000       1.205439           1216         0.9965          392.4          1.101
         384000       1.208967           1222         0.9965          393.4          1.177
         385000       1.212038           1224         0.9965          394.5          1.148
         386000       1.215822           1228         0.9965          395.6          1.156
         387000       1.218937           1228         0.9965          396.7          1.182
         388000       1.221639           1230         0.9965          397.8          1.181
         389000       1.224446           1231         0.9965          398.7          1.168
         390000       1.227549           1233         0.9965          399.8          1.086
         391000       1.231049           1236         0.9965          400.9          1.081
         392000       1.234939           1241         0.9964          402.0          1.133
         393000       1.237563           1241         0.9964          403.2          1.192
         394000       1.240431           1242         0.9964          404.3          1.167
         395000       1.244359           1246         0.9964          405.3          1.197
         396000       1.248830           1251         0.9964          406.3          1.153
         397000       1.251189           1252         0.9964          407.5          1.020
         398000       1.254225           1257         0.9964          408.5          1.074
         399000       1.257946           1262         0.9964          409.6          1.061
         400000       1.261088           1267         0.9964          410.6          1.117
         401000       1.265177           1272         0.9964          411.6          1.099
         402000       1.267635           1277         0.9964          412.7          1.168
         403000       1.270592           1277         0.9964          413.9          1.212
         404000       1.273150           1280         0.9964          414.9          1.168
         405000       1.276953           1283         0.9963          416.0          1.195
         406000       1.279763           1284         0.9963          417.1          1.130
         407000       1.282954           1284         0.9963          418.3          1.102
         408000       1.285932           1285         0.9963          419.5          1.060
         409000       1.288820           1289         0.9963          420.7          1.062
         410000       1.291703           1292         0.9963          421.8          1.109
         411000       1.294983           1295         0.9963          423.0          1.069
         412000       1.298532           1296         0.9963          424.0          1.090
         413000       1.302135           1299         0.9963          425.2          1.123
         414000       1.304987           1301         0.9963          426.2          1.084
         415000       1.308091           1303         0.9963          427.4          1.179
         416000       1.311205           1307         0.9963          428.6          1.248
         417000       1.314968           1311         0.9963          429.6          1.242
         418000       1.319414           1317         0.9963          430.7          1.234
         419000       1.322894           1319         0.9963          432.0          1.142
         420000       1.326403           1325         0.9962          433.1          1.170
         421000       1.329885           1328         0.9962          434.4          1.137
         422000       1.332961           1329         0.9962          435.4          1.179
         423000       1.337216           1330         0.9962          436.6          1.125
         424000       1.339988           1334         0.9962          437.7          1.167
         425000       1.343344           1337         0.9962          438.9          1.175
         426000       1.345687           1340         0.9962          439.9          1.130
         427000       1.348949           1341         0.9962          441.0          1.116
         428000       1.352462           1343         0.9961          442.3          1.155
         429000       1.356441           1347         0.9961          443.4          1.223
         430000       1.359445           1348         0.9961          444.7          1.278
         431000       1.362558           1351         0.9961          445.9          1.289
         432000       1.365331           1353         0.9961          447.2          1.226
         433000       1.368285           1354         0.9961          448.3          1.227
         434000       1.372796           1360         0.9961          449.4          1.170
         435000       1.376065           1366         0.9961          450.4          1.149
         436000       1.378104           1370         0.9961          451.5          1.229
         437000       1.380589           1373         0.9961          452.8          1.232
         438000       1.383634           1377         0.9961          454.1          1.234
         439000       1.387063           1382         0.9961          455.2          1.151
         440000       1.390429           1383         0.9961          456.4          1.222
         441000       1.394337           1384         0.9961          457.7          1.220
         442000       1.397513           1387         0.9960          458.8          1.230
         443000       1.401118           1391         0.9960          460.0          1.269
         444000       1.404044           1392         0.9960          461.2          1.174
         445000       1.407623           1394         0.9960          462.5          1.096
         446000       1.410587           1400         0.9960          463.7          1.113
         447000       1.413963           1404         0.9960          464.6          1.105
         448000       1.417495           1410         0.9960          466.0          1.219
         449000       1.421230           1414         0.9960          467.5          1.241
         450000       1.424371           1418         0.9960          468.7          1.139
         451000       1.427299           1420         0.9960          469.8          1.197
         452000       1.430438           1422         0.9960          470.9          1.219
         453000       1.433928           1423         0.9960          472.0          1.188
         454000       1.437616           1426         0.9960          473.7          1.332
         455000       1.440554           1428         0.9960          474.8          1.271
         456000       1.443707           1429         0.9960          476.4          1.324
         457000       1.446170           1431         0.9960          477.8          1.365
         458000       1.449586           1435         0.9960          479.0          1.316
         459000       1.453166           1439         0.9960          480.4          1.287
         460000       1.457158           1442         0.9960          481.7          1.258
         461000       1.461479           1448         0.9960          483.2          1.273
         462000       1.464084           1453         0.9960          484.6          1.211
         463000       1.466553           1454         0.9960          485.8          1.123
         464000       1.469744           1460         0.9959          486.9          1.217
         465000       1.473926           1463         0.9959          488.2          1.346
         466000       1.476083           1464         0.9959          489.4          1.362
         467000       1.478999           1467         0.9959          490.7          1.347
         468000       1.482154           1470         0.9959          492.0          1.263
         469000       1.485374           1473         0.9959          493.3          1.293
         470000       1.488676           1474         0.9959          494.6          1.285
         471000       1.490917           1476         0.9959          495.8          1.392
         472000       1.494338           1480         0.9959          497.0          1.141
         473000       1.497521           1482         0.9959          498.4          1.209
         474000       1.500049           1484         0.9959          499.4          1.186
         475000       1.502646           1488         0.9958          500.7          1.227
         476000       1.505501           1494         0.9958          502.0          1.254
         477000       1.507655           1494         0.9958          503.3          1.275
         478000       1.510104           1496         0.9958          504.5          1.233
         479000       1.513380           1500         0.9958          505.9          1.229
         480000       1.516496           1502         0.9958          507.2          1.187
         481000       1.519074           1508         0.9958          508.4          1.169
         482000       1.522513           1510         0.9958          509.9          1.281
         483000       1.525783           1511         0.9958          511.3          1.167
         484000       1.529003           1516         0.9958          512.5          1.354
         485000       1.531333           1518         0.9958          513.5          1.361
         486000       1.534086           1521         0.9958          514.8          1.246
         487000       1.537096           1523         0.9958          516.0          1.213
         488000       1.539872           1527         0.9958          517.1          1.253
         489000       1.542904           1528         0.9958          518.5          1.292
         490000       1.545935           1533         0.9957          520.1          1.321
         491000       1.549183           1536         0.9957          521.4          1.289
         492000       1.553172           1539         0.9957          522.8          1.196
         493000       1.555802           1543         0.9957          524.3          1.303
         494000       1.559157           1549         0.9957          525.4          1.244
         495000       1.561627           1552         0.9957          526.5          1.221
         496000       1.565387           1557         0.9957          527.9          1.252
         497000       1.567718           1558         0.9957          529.1          1.205
         498000       1.570348           1560         0.9957          530.4          1.174
         499000       1.573342           1560         0.9957          531.7          1.234
         500000       1.577100           1563         0.9957          532.9          1.277
         501000       1.579692           1568         0.9957          534.3          1.275
         502000       1.581764           1573         0.9957          535.3          1.297
         503000       1.584292           1573         0.9957          536.4          1.185
         504000       1.586355           1576         0.9957          537.6          1.131
         505000       1.589395           1581         0.9957          538.7          1.142
         506000       1.591629           1582         0.9957          539.7          1.136
         507000       1.594236           1582         0.9957          540.9          1.143
         508000       1.597729           1587         0.9957          542.0          1.196
         509000       1.600142           1591         0.9957          543.1          1.191
         510000       1.603667           1595         0.9957          544.5          1.238
         511000       1.606749           1598         0.9957          545.6          1.302
         512000       1.610603           1602         0.9956          547.2          1.183
         513000       1.613595           1604         0.9956          548.4          1.143
         514000       1.617857           1608         0.9956          549.6          1.207
         515000       1.621943           1609         0.9956          550.7          1.279
         516000       1.625719           1615         0.9956          551.8          1.275
         517000       1.628963           1618         0.9956          553.2          1.273
         518000       1.631878           1620         0.9956          554.7          1.217
         519000       1.635809           1624         0.9956          556.2          1.257
         520000       1.638624           1625         0.9956          557.5          1.259
         521000       1.641867           1632         0.9956          559.1          1.187
         522000       1.644148           1633         0.9956          560.2          1.242
         523000       1.647218           1636         0.9956          561.4          1.103
         524000       1.651630           1639         0.9955          562.7          1.214
         525000       1.653753           1641         0.9955          563.9          1.136
         526000       1.656396           1643         0.9955          565.3          1.158
         527000       1.659642           1648         0.9955          566.5          1.185
         528000       1.662954           1651         0.9955          567.7          1.151
         529000       1.666708           1655         0.9955          569.3          1.266
         530000       1.670499           1663         0.9955          570.6          1.164
         531000       1.673554           1666         0.9955          571.8          1.170
         532000       1.676733           1667         0.9955          573.1          1.254
         533000       1.680484           1670         0.9955          574.3          1.238
         534000       1.683411           1674         0.9955          575.3          1.228
         535000       1.686438           1677         0.9955          576.6          1.269
         536000       1.690397           1680         0.9955          578.0          1.359
         537000       1.695848           1684         0.9954          579.5          1.314
         538000       1.699930           1690         0.9954          580.8          1.325
         539000       1.702633           1690         0.9954          582.2          1.363
         540000       1.706594           1694         0.9954          584.0          1.429
         541000       1.709941           1697         0.9954          585.6          1.351
         542000       1.713509           1701         0.9954          587.3          1.336
         543000       1.716668           1704         0.9954          589.0          1.339
         544000       1.719568           1705         0.9954          590.9          1.178
         545000       1.722661           1705         0.9953          592.4          1.225
         546000       1.725999           1708         0.9953          594.1          1.275
         547000       1.729057           1708         0.9953          595.9          1.276
         548000       1.732194           1710         0.9953          597.4          1.343
         549000       1.734490           1711         0.9953          598.6          1.322
         550000       1.738706           1714         0.9953          600.2          1.320
         551000       1.741217           1718         0.9953          601.4          1.259
         552000       1.744351           1723         0.9952          602.9          1.212
         553000       1.746905           1724         0.9952          604.3          1.155
         554000       1.749048           1724         0.9952          605.4          1.175
         555000       1.752791           1725         0.9952          607.2          1.393
         556000       1.755775           1727         0.9952          608.6          1.409
         557000       1.758414           1729         0.9952          610.6          1.391
         558000       1.762539           1732         0.9952          612.4          1.477
         559000       1.767069           1739         0.9951          613.8          1.353
         560000       1.769363           1742         0.9951          615.1          1.415
         561000       1.772801           1744         0.9950          617.0          1.479
         562000       1.775506           1747         0.9950          619.2          1.409
         563000       1.779033           1751         0.9950          620.3          1.397
         564000       1.782404           1757         0.9950          622.0          1.394
         565000       1.786972           1762         0.9950          623.5          1.391
         566000       1.790630           1765         0.9950          625.1          1.404
         567000       1.794157           1768         0.9950          627.1          1.348
         568000       1.797133           1771         0.9950          628.5          1.277
         569000       1.799901           1773         0.9950          630.0          1.345
         570000       1.803017           1776         0.9950          631.5          1.374
         571000       1.806261           1779         0.9950          633.3          1.351
         572000       1.808800           1782         0.9949          634.9          1.403
         573000       1.811530           1785         0.9949          636.5          1.348
         574000       1.814656           1788         0.9949          638.1          1.279
         575000       1.818580           1798         0.9949          639.4          1.326
         576000       1.821763           1803         0.9949          641.1          1.284
         577000       1.825246           1805         0.9949          642.7          1.214
         578000       1.828436           1811         0.9949          644.0          1.216
         579000       1.831609           1815         0.9949          645.7          1.242
         580000       1.833530           1818         0.9949          647.3          1.329
         581000       1.836658           1819         0.9949          649.1          1.284
         582000       1.839460           1825         0.9949          650.9          1.309
         583000       1.841898           1827         0.9949          652.5          1.230
         584000       1.846285           1831         0.9949          654.0          1.274
         585000       1.848648           1834         0.9949          655.2          1.410
         586000       1.853422           1837         0.9949          656.9          1.290
         587000       1.857869           1842         0.9948          658.4          1.352
         588000       1.860502           1846         0.9948          660.1          1.348
         589000       1.862937           1847         0.9948          662.4          1.303
         590000       1.866002           1853         0.9948          663.7          1.333
         591000       1.868843           1857         0.9948          665.1          1.359
         592000       1.872441           1857         0.9948          666.7          1.326
         593000       1.874458           1861         0.9948          668.1          1.325
         594000       1.876878           1863         0.9948          669.5          1.341
         595000       1.880086           1864         0.9948          671.2          1.365
         596000       1.883375           1869         0.9948          672.4          1.340
         597000       1.887902           1871         0.9948          674.1          1.448
         598000       1.890958           1876         0.9948          675.5          1.418
         599000       1.893580           1877         0.9948          676.9          1.339
         600000       1.896892           1877         0.9948          678.5          1.358
         601000       1.900374           1879         0.9948          680.0          1.277
         602000       1.902993           1884         0.9948          681.9          1.327
         603000       1.906460           1889         0.9948          683.8          1.423
         604000       1.909806           1890         0.9948          685.5          1.422
         605000       1.912569           1894         0.9947          687.7          1.442
         606000       1.914606           1898         0.9947          689.0          1.465
         607000       1.917453           1904         0.9947          690.4          1.393
         608000       1.921254           1908         0.9947          692.1          1.343
         609000       1.923355           1909         0.9947          694.1          1.361
         610000       1.926150           1912         0.9947          695.5          1.418
         611000       1.928543           1915         0.9947          697.1          1.437
         612000       1.930338           1916         0.9947          698.6          1.366
         613000       1.932939           1918         0.9947          700.1          1.451
         614000       1.935328           1920         0.9947          701.8          1.455
         615000       1.938428           1921         0.9947          703.6          1.453
         616000       1.942519           1922         0.9947          705.2          1.441
         617000       1.945777           1925         0.9946          707.2          1.379
         618000       1.948902           1929         0.9946          708.7          1.372
         619000       1.951889           1929         0.9946          710.0          1.361
         620000       1.955313           1932         0.9946          712.4          1.389
         621000       1.958774           1935         0.9946          714.1          1.537
         622000       1.963335           1938         0.9946          715.8          1.496
         623000       1.966869           1941         0.9946          717.8          1.484
         624000       1.969968           1942         0.9946          719.5          1.442
         625000       1.974033           1946         0.9946          721.3          1.418
         626000       1.976714           1950         0.9946          723.4          1.417
         627000       1.979908           1954         0.9946          725.1          1.505
         628000       1.982672           1955         0.9946          726.6          1.362
         629000       1.986133           1961         0.9946          728.4          1.401
         630000       1.989331           1964         0.9946          730.2          1.410
         631000       1.992900           1968         0.9945          732.3          1.526
         632000       1.997168           1972         0.9945          734.5          1.542
