KMC 1+1 simulation started

Simulation parameters:
=====================================================
       substrate_lattice_constant [A] = 2.71500
          adatom_lattice_constant [A] = 2.83000
             vertical_lat_spacing [A] = 2.86833
      spring_const_neighbors [eV/A/A] = 2.15025
 spring_const_next_neighbors [eV/A/A] = 1.07513
                     misfit_coeff [A] = 0.04236
                              D [1/s] = 5.19588e+12
                               E [eV] = 0.53000
                     bond_energy [eV] = 0.40000
                               grid_x = 500
                               grid_y = 80
                     substrate_height = 16
           local_relaxation_range_min = 10
           local_relaxation_range_max = 10
                     time_fluence [s] = 8.000
                  simulation_time [s] = 2.000
                      diffusion_range = 8
              deposition_speed [ML/s] = 0.080
                      temperature [K] = 600
=====================================================

           iter       sim_time      new_atoms         pr_acc   real_time[s]        duv_max
           1000       0.001990              3         1.0000            2.3          0.055
           2000       0.004290              5         1.0000            4.1          0.056
           3000       0.007895              7         1.0000            5.9          0.095
           4000       0.008709              7         1.0000            7.6          0.096
           5000       0.010950             10         1.0000            9.4          0.128
           6000       0.014475             14         0.9998           11.2          0.169
           7000       0.015885             17         0.9999           12.9          0.174
           8000       0.017241             17         0.9999           14.6          0.170
           9000       0.018918             19         0.9999           16.3          0.172
          10000       0.019356             20         0.9999           18.1          0.173
          11000       0.020983             21         0.9998           19.8          0.172
          12000       0.024436             25         0.9997           21.5          0.188
          13000       0.027914             27         0.9998           23.1          0.186
          14000       0.030751             29         0.9998           24.8          0.204
          15000       0.033375             30         0.9998           26.5          0.220
          16000       0.035327             33         0.9998           28.1          0.235
          17000       0.036874             34         0.9998           29.8          0.231
          18000       0.040057             36         0.9998           31.5          0.237
          19000       0.046012             40         0.9997           33.2          0.233
          20000       0.047570             43         0.9997           35.0          0.231
          21000       0.050326             47         0.9997           37.1          0.222
          22000       0.052880             50         0.9997           38.8          0.233
          23000       0.057805             54         0.9997           40.5          0.245
          24000       0.062193             58         0.9997           42.2          0.245
          25000       0.063122             59         0.9997           43.9          0.245
          26000       0.065140             61         0.9997           45.6          0.246
          27000       0.066602             65         0.9997           47.3          0.250
          28000       0.068591             68         0.9997           49.0          0.255
          29000       0.073113             70         0.9997           50.7          0.255
          30000       0.074927             70         0.9996           52.5          0.252
          31000       0.076643             71         0.9996           54.3          0.250
          32000       0.080643             75         0.9997           56.0          0.252
          33000       0.083425             76         0.9996           57.7          0.255
          34000       0.085432             78         0.9996           59.4          0.264
          35000       0.089950             81         0.9997           61.0          0.267
          36000       0.093957             84         0.9996           62.8          0.274
          37000       0.098150             88         0.9996           64.5          0.276
          38000       0.100789             90         0.9996           66.3          0.277
          39000       0.104824             94         0.9996           68.1          0.276
          40000       0.107560             96         0.9996           69.8          0.276
          41000       0.111147            104         0.9996           71.5          0.281
          42000       0.113929            106         0.9996           73.2          0.280
          43000       0.117791            112         0.9996           75.0          0.280
          44000       0.119872            114         0.9996           76.7          0.284
          45000       0.121820            119         0.9996           78.4          0.290
          46000       0.124612            122         0.9996           80.2          0.292
          47000       0.126501            124         0.9996           81.9          0.295
          48000       0.129321            128         0.9996           83.7          0.298
          49000       0.132998            134         0.9996           85.5          0.299
          50000       0.137111            141         0.9995           87.2          0.298
          51000       0.140402            146         0.9995           88.9          0.299
          52000       0.142477            150         0.9995           90.6          0.299
          53000       0.144819            150         0.9995           92.4          0.298
          54000       0.149702            155         0.9995           94.2          0.298
          55000       0.152958            160         0.9995           95.9          0.298
          56000       0.155936            165         0.9994           97.7          0.290
          57000       0.160031            169         0.9994           99.4          0.297
          58000       0.162582            171         0.9994          101.2          0.297
          59000       0.165641            176         0.9994          103.0          0.298
          60000       0.168824            179         0.9993          104.7          0.300
          61000       0.170842            179         0.9993          106.5          0.304
          62000       0.173979            188         0.9993          108.2          0.302
          63000       0.177203            195         0.9993          109.9          0.299
          64000       0.180793            198         0.9993          111.7          0.300
          65000       0.185281            203         0.9993          113.5          0.349
          66000       0.189451            207         0.9993          115.3          0.326
          67000       0.193298            209         0.9993          117.0          0.333
          68000       0.196110            210         0.9992          118.7          0.339
          69000       0.200706            216         0.9992          120.4          0.320
          70000       0.203986            220         0.9992          122.2          0.316
          71000       0.206700            222         0.9992          124.0          0.311
          72000       0.210730            223         0.9992          125.8          0.313
          73000       0.213365            224         0.9992          127.7          0.312
          74000       0.217174            228         0.9991          129.4          0.359
          75000       0.221368            232         0.9991          131.3          0.315
          76000       0.224416            234         0.9991          133.1          0.319
          77000       0.227755            238         0.9991          134.9          0.315
          78000       0.230270            246         0.9991          136.6          0.318
          79000       0.234015            249         0.9991          138.4          0.345
          80000       0.236991            252         0.9990          140.1          0.371
          81000       0.240777            261         0.9990          141.9          0.372
          82000       0.244178            266         0.9990          143.7          0.389
          83000       0.248642            269         0.9990          145.4          0.459
          84000       0.252474            271         0.9989          147.2          0.456
          85000       0.256151            272         0.9989          149.0          0.400
          86000       0.258993            274         0.9989          150.7          0.354
          87000       0.262239            276         0.9989          152.5          0.386
          88000       0.265737            279         0.9989          154.3          0.381
          89000       0.268994            285         0.9989          156.1          0.369
          90000       0.272152            285         0.9989          157.8          0.340
          91000       0.274876            288         0.9989          159.5          0.306
          92000       0.278117            290         0.9988          161.2          0.315
          93000       0.281905            299         0.9988          163.0          0.313
          94000       0.285395            303         0.9988          164.7          0.311
          95000       0.288046            306         0.9988          166.5          0.320
          96000       0.291737            307         0.9988          168.3          0.335
          97000       0.295082            310         0.9988          170.1          0.328
          98000       0.297705            313         0.9987          171.8          0.406
          99000       0.301266            315         0.9988          173.7          0.332
         100000       0.303461            318         0.9987          175.5          0.332
         101000       0.306284            320         0.9987          177.3          0.336
         102000       0.309646            323         0.9987          179.0          0.344
         103000       0.314286            326         0.9987          180.8          0.339
         104000       0.316910            330         0.9987          182.6          0.348
         105000       0.320430            332         0.9987          184.4          0.349
         106000       0.324520            334         0.9986          186.3          0.344
         107000       0.329184            340         0.9986          188.2          0.338
         108000       0.333643            341         0.9986          189.9          0.408
         109000       0.337333            345         0.9986          191.6          0.357
         110000       0.340924            347         0.9985          193.4          0.408
         111000       0.343599            349         0.9985          195.2          0.367
         112000       0.346554            353         0.9985          197.0          0.380
         113000       0.349593            356         0.9985          198.8          0.447
         114000       0.353182            361         0.9985          200.6          0.443
         115000       0.356614            363         0.9985          202.4          0.423
         116000       0.360001            366         0.9985          204.2          0.414
         117000       0.362476            370         0.9985          206.0          0.408
         118000       0.366510            371         0.9985          207.8          0.322
         119000       0.369449            373         0.9984          209.6          0.385
         120000       0.372352            379         0.9984          211.3          0.354
         121000       0.375104            383         0.9984          213.1          0.433
         122000       0.379448            386         0.9984          214.9          0.363
         123000       0.382477            390         0.9984          216.7          0.388
         124000       0.384853            394         0.9984          218.4          0.431
         125000       0.387853            395         0.9984          220.2          0.353
         126000       0.390720            396         0.9984          221.9          0.376
         127000       0.392900            399         0.9984          223.6          0.367
         128000       0.395579            402         0.9983          225.4          0.429
         129000       0.399178            405         0.9983          227.2          0.445
         130000       0.404343            411         0.9983          229.0          0.465
         131000       0.408328            415         0.9983          230.7          0.458
         132000       0.411209            417         0.9983          232.5          0.348
         133000       0.414070            421         0.9983          234.4          0.422
         134000       0.417807            422         0.9983          236.2          0.379
         135000       0.420215            422         0.9983          238.0          0.366
         136000       0.422412            426         0.9983          239.8          0.413
         137000       0.426383            431         0.9983          241.5          0.387
         138000       0.429578            435         0.9983          243.3          0.390
         139000       0.431084            437         0.9983          245.1          0.419
         140000       0.435001            444         0.9983          246.9          0.448
         141000       0.439284            451         0.9983          248.8          0.354
         142000       0.442171            456         0.9983          250.6          0.369
         143000       0.445347            460         0.9982          252.4          0.454
         144000       0.448670            464         0.9982          254.3          0.387
         145000       0.452152            466         0.9982          256.0          0.435
         146000       0.454910            467         0.9982          257.9          0.384
         147000       0.457533            473         0.9982          259.7          0.443
         148000       0.461512            474         0.9982          261.5          0.470
         149000       0.464657            478         0.9982          263.3          0.451
         150000       0.467582            483         0.9981          265.0          0.452
         151000       0.472029            487         0.9981          266.8          0.435
         152000       0.475447            491         0.9981          268.6          0.388
         153000       0.477907            495         0.9981          270.7          0.405
         154000       0.481544            497         0.9981          272.5          0.446
         155000       0.484970            500         0.9981          274.3          0.459
         156000       0.488639            502         0.9981          276.1          0.450
         157000       0.492266            504         0.9981          277.9          0.452
         158000       0.496393            507         0.9981          279.7          0.412
         159000       0.499733            513         0.9981          281.5          0.380
         160000       0.502011            516         0.9981          283.3          0.467
         161000       0.504501            519         0.9981          285.1          0.496
         162000       0.508113            522         0.9981          286.8          0.453
         163000       0.511538            524         0.9981          288.6          0.501
         164000       0.515224            531         0.9981          290.4          0.492
         165000       0.519530            536         0.9981          292.1          0.450
         166000       0.522302            540         0.9981          294.1          0.489
         167000       0.525175            544         0.9981          295.8          0.490
         168000       0.527646            545         0.9980          297.6          0.473
         169000       0.530556            546         0.9981          299.4          0.500
         170000       0.533169            548         0.9980          301.1          0.502
         171000       0.535844            551         0.9980          302.9          0.451
         172000       0.538231            552         0.9980          304.7          0.402
         173000       0.541590            556         0.9981          306.7          0.500
         174000       0.543680            557         0.9981          308.5          0.454
         175000       0.547086            558         0.9981          310.3          0.454
         176000       0.550613            559         0.9980          312.1          0.506
         177000       0.553452            563         0.9980          313.9          0.506
         178000       0.557404            566         0.9980          315.7          0.504
         179000       0.560616            569         0.9980          317.5          0.460
         180000       0.563359            572         0.9980          319.3          0.512
         181000       0.567343            573         0.9980          321.1          0.508
         182000       0.571173            576         0.9980          322.9          0.430
         183000       0.574421            579         0.9980          324.6          0.450
         184000       0.577097            583         0.9980          326.4          0.500
         185000       0.580425            585         0.9980          328.2          0.510
         186000       0.583051            586         0.9980          330.1          0.500
         187000       0.585492            587         0.9980          331.8          0.509
         188000       0.588430            589         0.9980          333.6          0.436
         189000       0.591195            593         0.9980          335.5          0.511
         190000       0.593505            595         0.9980          337.3          0.467
         191000       0.596640            598         0.9980          339.0          0.438
         192000       0.600429            600         0.9979          340.8          0.504
         193000       0.603627            602         0.9979          342.5          0.468
         194000       0.607335            610         0.9979          344.3          0.470
         195000       0.609746            614         0.9979          346.1          0.426
         196000       0.613119            615         0.9979          347.9          0.491
         197000       0.615849            620         0.9979          349.7          0.503
         198000       0.619621            621         0.9979          351.5          0.444
         199000       0.622691            624         0.9979          353.3          0.494
         200000       0.626325            626         0.9979          355.2          0.444
         201000       0.629918            630         0.9979          357.0          0.465
         202000       0.633707            632         0.9979          358.8          0.524
         203000       0.636837            634         0.9979          360.6          0.514
         204000       0.639729            640         0.9979          362.4          0.590
         205000       0.642930            644         0.9979          364.2          0.583
         206000       0.645565            648         0.9978          366.0          0.586
         207000       0.648932            650         0.9978          367.8          0.591
         208000       0.652492            653         0.9978          369.7          0.606
         209000       0.655452            655         0.9978          371.5          0.574
         210000       0.658350            658         0.9978          373.3          0.538
         211000       0.661790            661         0.9978          375.1          0.525
         212000       0.665842            664         0.9978          376.9          0.509
         213000       0.669571            669         0.9978          378.6          0.551
         214000       0.672860            673         0.9978          380.3          0.631
         215000       0.675691            677         0.9978          382.2          0.591
         216000       0.677676            679         0.9978          383.9          0.522
         217000       0.680205            683         0.9978          385.7          0.533
         218000       0.683130            686         0.9978          387.5          0.558
         219000       0.686349            689         0.9978          389.4          0.523
         220000       0.689701            692         0.9978          391.2          0.509
         221000       0.692780            697         0.9978          392.9          0.499
         222000       0.695498            700         0.9978          394.7          0.608
         223000       0.697728            705         0.9978          396.5          0.643
         224000       0.701341            709         0.9978          398.3          0.585
         225000       0.704415            711         0.9978          400.1          0.597
         226000       0.707639            712         0.9978          401.9          0.650
         227000       0.712226            719         0.9977          403.7          0.575
         228000       0.716021            723         0.9977          405.5          0.596
         229000       0.719310            725         0.9977          407.3          0.680
         230000       0.721816            727         0.9977          409.1          0.606
         231000       0.723945            729         0.9977          411.0          0.600
         232000       0.726919            732         0.9977          412.7          0.660
         233000       0.730122            734         0.9977          414.6          0.649
         234000       0.733060            738         0.9977          416.4          0.719
         235000       0.736738            746         0.9977          418.2          0.682
         236000       0.739345            748         0.9977          420.1          0.684
         237000       0.742385            749         0.9977          421.9          0.633
         238000       0.746840            759         0.9976          423.6          0.681
         239000       0.749642            762         0.9976          425.5          0.736
         240000       0.753128            766         0.9976          427.3          0.671
         241000       0.756620            767         0.9976          429.2          0.666
         242000       0.760163            770         0.9976          431.0          0.724
         243000       0.763660            774         0.9976          432.8          0.613
         244000       0.767030            776         0.9976          434.6          0.606
         245000       0.770304            784         0.9976          436.4          0.597
         246000       0.773093            788         0.9976          438.2          0.612
         247000       0.776517            790         0.9976          440.0          0.642
         248000       0.780149            796         0.9976          441.8          0.613
         249000       0.783836            799         0.9976          443.6          0.592
         250000       0.786668            802         0.9976          445.4          0.698
         251000       0.789475            803         0.9976          447.2          0.610
         252000       0.792109            804         0.9976          449.0          0.647
         253000       0.795420            805         0.9976          450.7          0.645
         254000       0.799144            810         0.9976          452.5          0.737
         255000       0.802572            815         0.9976          454.4          0.736
         256000       0.805392            818         0.9975          456.1          0.741
         257000       0.808252            820         0.9975          458.0          0.793
         258000       0.812581            820         0.9975          459.9          0.725
         259000       0.815650            823         0.9975          461.7          0.768
         260000       0.818321            826         0.9975          463.5          0.772
         261000       0.821881            830         0.9975          465.3          0.765
         262000       0.824690            833         0.9975          467.1          0.723
         263000       0.827581            837         0.9975          468.9          0.710
         264000       0.831278            839         0.9975          470.8          0.708
         265000       0.835576            842         0.9975          472.6          0.588
         266000       0.838772            844         0.9975          474.5          0.747
         267000       0.843279            850         0.9975          476.3          0.797
         268000       0.846339            851         0.9975          478.1          0.793
         269000       0.851069            855         0.9974          479.9          0.805
         270000       0.855464            862         0.9974          481.7          0.773
         271000       0.859038            868         0.9974          483.6          0.809
         272000       0.861539            871         0.9974          485.4          0.782
         273000       0.864463            876         0.9974          487.2          0.614
         274000       0.866028            880         0.9974          489.1          0.567
         275000       0.868428            885         0.9974          490.9          0.581
         276000       0.871904            890         0.9974          492.8          0.634
         277000       0.874180            891         0.9974          494.6          0.632
         278000       0.877262            892         0.9974          496.4          0.670
         279000       0.881093            898         0.9974          498.3          0.716
         280000       0.883361            901         0.9974          500.1          0.752
         281000       0.887319            902         0.9974          501.9          0.747
         282000       0.891345            910         0.9974          503.7          0.752
         283000       0.894270            914         0.9974          505.6          0.565
         284000       0.896705            915         0.9974          507.4          0.571
         285000       0.899055            917         0.9974          509.2          0.566
         286000       0.901860            919         0.9974          510.9          0.563
         287000       0.904818            921         0.9974          512.7          0.537
         288000       0.908075            923         0.9974          514.6          0.583
         289000       0.912174            924         0.9974          516.3          0.633
         290000       0.914928            928         0.9974          518.1          0.643
         291000       0.917204            931         0.9974          519.9          0.657
         292000       0.920266            932         0.9974          521.6          0.623
         293000       0.923269            938         0.9974          523.5          0.564
         294000       0.926676            941         0.9974          525.3          0.645
         295000       0.929652            941         0.9974          527.0          0.673
         296000       0.932055            943         0.9974          528.8          0.722
         297000       0.934609            945         0.9974          530.6          0.714
         298000       0.936725            946         0.9974          532.4          0.678
         299000       0.939382            953         0.9974          534.3          0.659
         300000       0.942320            959         0.9974          536.0          0.659
         301000       0.945952            963         0.9974          537.8          0.552
         302000       0.948886            964         0.9974          539.6          0.560
         303000       0.951648            967         0.9974          541.4          0.566
         304000       0.955541            972         0.9974          543.1          0.590
         305000       0.958739            976         0.9973          544.9          0.551
         306000       0.962963            978         0.9973          546.8          0.537
         307000       0.965375            981         0.9973          548.6          0.545
         308000       0.968724            982         0.9973          550.4          0.558
         309000       0.972511            986         0.9973          552.3          0.540
         310000       0.975102            989         0.9973          554.1          0.530
         311000       0.977671            991         0.9973          555.9          0.551
         312000       0.981229            997         0.9973          557.8          0.560
         313000       0.984978            998         0.9973          559.6          0.561
         314000       0.988448           1002         0.9973          561.4          0.569
         315000       0.991479           1003         0.9973          563.4          0.566
         316000       0.995098           1005         0.9973          565.2          0.548
         317000       0.998798           1006         0.9973          567.1          0.663
         318000       1.001165           1008         0.9973          568.9          0.639
         319000       1.004119           1010         0.9973          570.9          0.643
         320000       1.007577           1013         0.9973          572.8          0.643
         321000       1.010809           1013         0.9973          574.7          0.671
         322000       1.013811           1016         0.9973          576.6          0.652
         323000       1.016462           1019         0.9973          578.4          0.651
         324000       1.019908           1022         0.9973          580.1          0.613
         325000       1.023662           1025         0.9972          581.9          0.609
         326000       1.025326           1027         0.9972          583.8          0.638
         327000       1.028601           1034         0.9972          585.6          0.591
         328000       1.032590           1034         0.9972          587.5          0.651
         329000       1.035360           1036         0.9972          589.3          0.596
         330000       1.038218           1038         0.9972          591.1          0.671
         331000       1.040990           1041         0.9972          593.0          0.565
         332000       1.043887           1041         0.9972          594.8          0.569
         333000       1.048153           1046         0.9972          596.7          0.539
         334000       1.049555           1051         0.9972          598.5          0.546
         335000       1.053170           1056         0.9972          600.4          0.512
         336000       1.056646           1058         0.9972          604.0          0.588
         337000       1.058494           1059         0.9972          606.1          0.543
         338000       1.061648           1063         0.9972          607.9          0.554
         339000       1.065395           1066         0.9972          609.7          0.544
         340000       1.068214           1069         0.9972          611.7          0.603
         341000       1.070181           1070         0.9972          613.6          0.632
         342000       1.072920           1073         0.9972          615.4          0.614
         343000       1.076850           1076         0.9972          617.3          0.654
         344000       1.080007           1077         0.9972          619.1          0.637
         345000       1.081983           1080         0.9972          621.0          0.661
         346000       1.085980           1085         0.9972          622.8          0.612
         347000       1.089353           1090         0.9972          624.7          0.610
         348000       1.093373           1096         0.9972          626.5          0.648
         349000       1.095062           1099         0.9972          628.4          0.599
         350000       1.097931           1103         0.9972          630.3          0.602
         351000       1.101256           1107         0.9972          632.1          0.573
         352000       1.104961           1109         0.9972          634.0          0.575
         353000       1.108793           1112         0.9972          635.9          0.607
         354000       1.112245           1113         0.9972          637.8          0.630
         355000       1.115488           1113         0.9972          639.6          0.646
         356000       1.120003           1116         0.9972          641.5          0.674
         357000       1.123019           1118         0.9972          643.4          0.665
         358000       1.126390           1123         0.9972          645.3          0.694
         359000       1.130647           1126         0.9972          647.2          0.733
         360000       1.133703           1130         0.9972          649.1          0.746
         361000       1.137374           1139         0.9972          651.0          0.706
         362000       1.140614           1139         0.9971          652.9          0.799
         363000       1.144415           1140         0.9971          654.8          0.743
         364000       1.148731           1147         0.9971          656.7          0.809
         365000       1.151862           1148         0.9971          658.6          0.763
         366000       1.154941           1152         0.9971          660.4          0.752
         367000       1.157520           1154         0.9971          662.3          0.722
         368000       1.160708           1155         0.9971          664.2          0.733
         369000       1.163247           1159         0.9971          666.1          0.744
         370000       1.167716           1164         0.9970          667.9          0.724
         371000       1.169980           1165         0.9970          669.8          0.799
         372000       1.173500           1168         0.9970          671.7          0.675
         373000       1.176420           1171         0.9970          673.6          0.714
         374000       1.179759           1172         0.9970          675.5          0.720
         375000       1.182540           1173         0.9970          677.3          0.721
         376000       1.186621           1175         0.9970          679.2          0.757
         377000       1.190086           1180         0.9970          681.1          0.757
         378000       1.193223           1182         0.9970          682.9          0.813
         379000       1.196928           1187         0.9970          684.8          0.759
         380000       1.200039           1189         0.9970          686.7          0.733
         381000       1.204190           1195         0.9970          688.5          0.732
         382000       1.207517           1206         0.9970          690.3          0.775
         383000       1.211823           1209         0.9969          692.2          0.751
         384000       1.215567           1217         0.9969          694.1          0.782
         385000       1.218028           1221         0.9969          695.9          0.779
         386000       1.220417           1223         0.9969          697.8          0.839
         387000       1.223744           1226         0.9969          699.6          0.792
         388000       1.227751           1229         0.9969          701.6          0.763
         389000       1.230773           1230         0.9969          703.4          0.805
         390000       1.234303           1233         0.9969          705.3          0.760
         391000       1.237644           1238         0.9969          707.2          0.723
         392000       1.241372           1241         0.9969          709.2          0.731
         393000       1.243864           1244         0.9969          711.0          0.795
         394000       1.247697           1249         0.9969          712.9          0.781
         395000       1.251034           1253         0.9969          714.8          0.844
         396000       1.254949           1256         0.9968          716.7          0.776
         397000       1.258438           1257         0.9969          718.6          0.743
         398000       1.261880           1260         0.9969          720.5          0.729
         399000       1.265410           1265         0.9969          722.4          0.728
         400000       1.268437           1266         0.9968          724.3          0.748
         401000       1.271719           1269         0.9968          726.2          0.727
         402000       1.275009           1275         0.9968          728.0          0.738
         403000       1.278639           1278         0.9968          729.8          0.689
         404000       1.281873           1280         0.9968          731.6          0.713
         405000       1.285086           1284         0.9968          733.6          0.743
         406000       1.287785           1289         0.9968          735.5          0.753
         407000       1.291069           1290         0.9968          737.4          0.763
         408000       1.294087           1293         0.9968          739.3          0.767
         409000       1.296798           1303         0.9968          741.1          0.738
         410000       1.299475           1306         0.9968          743.0          0.720
         411000       1.303011           1310         0.9968          744.9          0.710
         412000       1.306453           1317         0.9968          746.7          0.723
         413000       1.309976           1322         0.9968          748.6          0.646
         414000       1.312636           1326         0.9968          750.4          0.686
         415000       1.316243           1331         0.9968          752.3          0.667
         416000       1.319211           1333         0.9968          754.3          0.771
         417000       1.322849           1337         0.9967          756.1          0.846
         418000       1.325669           1338         0.9967          758.0          0.840
         419000       1.329283           1344         0.9967          759.8          0.775
         420000       1.331826           1344         0.9967          761.6          0.904
         421000       1.336346           1346         0.9967          763.5          0.921
         422000       1.340188           1348         0.9967          765.4          0.912
         423000       1.342993           1349         0.9967          767.3          0.864
         424000       1.346347           1350         0.9967          769.2          0.852
         425000       1.349412           1354         0.9967          771.1          0.866
         426000       1.352517           1359         0.9967          772.9          0.880
         427000       1.356065           1361         0.9967          774.9          0.909
         428000       1.359863           1364         0.9967          776.8          0.908
         429000       1.363552           1366         0.9967          778.7          0.942
         430000       1.366453           1371         0.9967          780.6          0.879
         431000       1.369781           1374         0.9967          782.5          0.843
         432000       1.372354           1375         0.9967          784.4          0.867
         433000       1.374876           1377         0.9966          786.3          0.834
         434000       1.378542           1379         0.9966          788.2          0.815
         435000       1.381974           1381         0.9966          790.0          0.765
         436000       1.385305           1386         0.9966          791.9          0.861
         437000       1.389508           1391         0.9966          793.8          0.941
         438000       1.392614           1395         0.9966          795.8          0.889
         439000       1.397240           1398         0.9966          797.6          0.956
         440000       1.401652           1404         0.9966          799.5          0.970
         441000       1.405060           1406         0.9966          801.3          0.911
         442000       1.407661           1414         0.9966          803.3          0.868
         443000       1.411752           1416         0.9966          805.2          0.957
         444000       1.415601           1423         0.9966          807.1          0.972
         445000       1.419120           1429         0.9966          808.9          0.918
         446000       1.422652           1431         0.9966          810.8          0.827
         447000       1.425633           1432         0.9966          812.7          0.853
         448000       1.428984           1435         0.9966          814.6          0.951
         449000       1.432097           1435         0.9965          816.4          0.828
         450000       1.435037           1438         0.9965          818.2          0.847
         451000       1.437861           1442         0.9965          820.1          0.762
         452000       1.441307           1449         0.9965          822.0          0.742
         453000       1.446054           1455         0.9965          823.8          0.791
         454000       1.449283           1456         0.9965          825.7          0.752
         455000       1.452379           1463         0.9965          827.7          0.806
         456000       1.456306           1468         0.9965          829.5          0.819
         457000       1.458696           1470         0.9965          831.4          0.786
         458000       1.462686           1477         0.9965          833.3          0.904
         459000       1.465888           1479         0.9965          835.2          0.877
         460000       1.469645           1482         0.9965          837.2          0.827
         461000       1.474020           1484         0.9964          839.0          0.838
         462000       1.477471           1489         0.9964          840.9          0.825
         463000       1.481085           1497         0.9964          842.8          0.778
         464000       1.484419           1506         0.9964          844.6          0.849
         465000       1.487990           1513         0.9964          846.6          0.847
         466000       1.491766           1517         0.9964          848.4          0.825
         467000       1.495386           1520         0.9964          850.3          0.832
         468000       1.499773           1523         0.9964          852.3          0.977
         469000       1.502771           1527         0.9964          854.1          0.853
         470000       1.506491           1529         0.9964          856.0          0.788
         471000       1.510850           1532         0.9964          857.9          0.851
         472000       1.513891           1535         0.9964          859.8          0.744
         473000       1.517613           1540         0.9964          861.8          0.882
         474000       1.521311           1544         0.9964          863.6          0.865
         475000       1.524761           1544         0.9964          865.6          0.873
         476000       1.528240           1547         0.9964          867.4          0.784
         477000       1.532288           1551         0.9964          869.3          0.841
         478000       1.535331           1553         0.9963          871.4          0.911
         479000       1.539322           1557         0.9963          873.3          0.938
         480000       1.542991           1562         0.9963          875.2          0.856
         481000       1.545940           1564         0.9963          877.1          0.760
         482000       1.549220           1567         0.9963          879.1          0.719
         483000       1.552659           1573         0.9963          880.9          0.765
         484000       1.556592           1578         0.9963          882.9          0.710
         485000       1.559863           1583         0.9963          884.7          0.742
         486000       1.562337           1589         0.9963          886.6          0.742
         487000       1.566100           1592         0.9963          888.4          0.715
         488000       1.568968           1594         0.9963          890.2          0.780
         489000       1.572223           1597         0.9963          892.2          0.825
         490000       1.575545           1603         0.9963          894.0          0.802
         491000       1.578007           1606         0.9963          896.0          0.787
         492000       1.580920           1610         0.9963          897.8          0.742
         493000       1.583659           1614         0.9963          899.7          0.799
         494000       1.586064           1618         0.9963          901.6          0.679
         495000       1.589165           1622         0.9963          903.5          0.797
         496000       1.591611           1624         0.9963          905.4          0.715
         497000       1.595348           1627         0.9963          907.3          0.704
         498000       1.598427           1630         0.9963          909.2          0.680
         499000       1.602353           1630         0.9963          911.1          0.673
         500000       1.606048           1632         0.9963          913.0          0.686
         501000       1.610247           1635         0.9962          914.9          0.676
         502000       1.613769           1639         0.9962          916.8          0.702
         503000       1.617454           1639         0.9962          918.6          0.735
         504000       1.619922           1642         0.9962          920.5          0.720
         505000       1.624198           1645         0.9962          922.4          0.741
         506000       1.626976           1648         0.9962          924.3          0.739
         507000       1.631183           1651         0.9962          926.3          0.747
         508000       1.634434           1656         0.9962          928.2          0.815
         509000       1.637568           1658         0.9962          930.1          0.844
         510000       1.641532           1662         0.9962          931.9          0.881
         511000       1.644470           1663         0.9962          933.8          0.833
         512000       1.646982           1664         0.9962          935.7          0.813
         513000       1.649580           1666         0.9962          937.6          0.860
         514000       1.652691           1669         0.9962          939.5          0.871
         515000       1.655627           1671         0.9962          941.4          0.835
         516000       1.658785           1674         0.9962          943.3          0.833
         517000       1.662159           1679         0.9961          945.2          0.765
         518000       1.666153           1682         0.9961          947.0          0.726
         519000       1.668603           1684         0.9961          948.9          0.784
         520000       1.672012           1688         0.9961          950.8          0.781
         521000       1.675479           1693         0.9961          952.7          0.762
         522000       1.678126           1695         0.9961          954.6          0.759
         523000       1.681777           1698         0.9961          956.6          0.765
         524000       1.683868           1698         0.9961          958.5          0.758
         525000       1.687370           1701         0.9961          960.4          0.790
         526000       1.691815           1707         0.9961          962.3          0.745
         527000       1.695461           1710         0.9961          964.1          0.744
         528000       1.697981           1711         0.9961          966.0          0.842
         529000       1.701094           1714         0.9961          968.0          0.829
         530000       1.704005           1717         0.9961          969.8          0.752
         531000       1.707356           1722         0.9961          971.7          0.800
         532000       1.710392           1726         0.9961          973.6          0.877
         533000       1.714395           1730         0.9961          975.5          0.900
         534000       1.717881           1733         0.9961          977.4          0.889
         535000       1.721171           1736         0.9961          979.3          0.801
         536000       1.724901           1741         0.9961          981.2          0.964
         537000       1.728087           1742         0.9961          983.0          0.984
         538000       1.731872           1748         0.9961          984.9          0.907
         539000       1.734682           1750         0.9961          986.8          0.960
         540000       1.738236           1754         0.9961          988.7          0.992
         541000       1.742220           1756         0.9961          990.7          1.014
         542000       1.746039           1759         0.9961          992.6          0.938
         543000       1.750250           1763         0.9961          994.5          0.948
         544000       1.752828           1764         0.9961          996.3          0.952
         545000       1.756059           1767         0.9961          998.1          0.938
         546000       1.759075           1769         0.9960         1000.0          0.925
         547000       1.761926           1769         0.9960         1002.0          0.951
         548000       1.764761           1771         0.9960         1003.8          0.986
         549000       1.768071           1777         0.9960         1005.8          0.987
         550000       1.770972           1778         0.9960         1007.6          1.008
         551000       1.774181           1780         0.9960         1009.4          1.078
         552000       1.778120           1782         0.9960         1011.3          1.037
         553000       1.781457           1786         0.9960         1013.2          1.039
         554000       1.784645           1788         0.9960         1015.0          1.024
         555000       1.789401           1792         0.9960         1017.0          1.070
         556000       1.793087           1793         0.9960         1018.9          0.974
         557000       1.796712           1795         0.9960         1020.7          0.916
         558000       1.799913           1799         0.9960         1022.6          0.950
         559000       1.803195           1801         0.9960         1024.6          0.892
         560000       1.807010           1802         0.9960         1026.5          0.840
         561000       1.810316           1806         0.9960         1028.4          0.848
         562000       1.813280           1809         0.9960         1030.3          0.881
         563000       1.817081           1812         0.9960         1032.2          0.939
         564000       1.820643           1815         0.9960         1034.1          0.921
         565000       1.824110           1820         0.9960         1036.0          0.929
         566000       1.826557           1823         0.9960         1038.0          0.921
         567000       1.829940           1825         0.9960         1039.8          0.932
         568000       1.833706           1831         0.9960         1041.8          0.972
         569000       1.837052           1836         0.9960         1043.6          0.948
         570000       1.840541           1839         0.9960         1045.5          0.978
         571000       1.843998           1845         0.9960         1047.4          1.005
         572000       1.847060           1847         0.9959         1049.3          1.053
         573000       1.850280           1850         0.9959         1051.1          1.073
         574000       1.853459           1856         0.9959         1053.0          1.034
         575000       1.856733           1862         0.9959         1054.9          0.989
         576000       1.860453           1868         0.9959         1056.7          1.068
         577000       1.862698           1874         0.9959         1058.6          1.066
         578000       1.866667           1878         0.9959         1060.5          1.065
         579000       1.870309           1884         0.9959         1062.4          1.051
         580000       1.873917           1890         0.9959         1064.3          1.070
         581000       1.876803           1893         0.9959         1066.2          0.989
         582000       1.878863           1893         0.9959         1068.1          1.054
         583000       1.882866           1898         0.9959         1070.0          0.974
         584000       1.885689           1901         0.9959         1072.0          1.018
         585000       1.888304           1901         0.9959         1073.9          1.030
         586000       1.891560           1902         0.9959         1075.8          0.913
         587000       1.893912           1908         0.9959         1077.7          0.999
         588000       1.897133           1911         0.9958         1079.7          0.960
         589000       1.900762           1915         0.9958         1081.5          0.900
         590000       1.903756           1917         0.9958         1083.4          0.947
         591000       1.907857           1920         0.9958         1085.2          0.952
         592000       1.911465           1923         0.9958         1087.1          1.030
         593000       1.914615           1926         0.9958         1089.1          1.002
         594000       1.918247           1928         0.9958         1091.0          0.984
         595000       1.921353           1930         0.9958         1092.9          0.978
         596000       1.924935           1933         0.9958         1094.8          0.983
         597000       1.928196           1936         0.9958         1096.6          0.980
         598000       1.931175           1937         0.9958         1098.5          0.918
         599000       1.934060           1937         0.9958         1100.4          1.015
         600000       1.936888           1940         0.9958         1102.3          1.012
         601000       1.941432           1941         0.9958         1104.2          0.991
         602000       1.944217           1944         0.9957         1106.1          1.000
         603000       1.947195           1947         0.9957         1108.0          1.029
         604000       1.949738           1947         0.9957         1109.9          1.050
         605000       1.951937           1948         0.9957         1111.8          1.102
         606000       1.955244           1951         0.9957         1113.6          1.040
         607000       1.958051           1953         0.9957         1115.4          0.987
         608000       1.962068           1957         0.9957         1117.4          1.091
         609000       1.964893           1963         0.9957         1119.2          1.124
         610000       1.967350           1966         0.9957         1121.2          1.143
         611000       1.969865           1969         0.9957         1123.0          1.105
         612000       1.973737           1972         0.9957         1124.9          1.060
         613000       1.975785           1977         0.9957         1126.8          1.048
         614000       1.978876           1978         0.9957         1128.8          1.092
         615000       1.982282           1980         0.9957         1130.7          1.123
         616000       1.985680           1983         0.9957         1132.6          1.109
         617000       1.989398           1989         0.9956         1134.5          1.137
         618000       1.991845           1992         0.9956         1136.4          1.081
         619000       1.995558           1997         0.9956         1138.3          1.160
         620000       1.998264           1997         0.9956         1140.2          1.123
