KMC 1+1 simulation started

Simulation parameters:
=====================================================
       substrate_lattice_constant [A] = 2.71500
          adatom_lattice_constant [A] = 2.83000
             vertical_lat_spacing [A] = 2.86833
      spring_const_neighbors [eV/A/A] = 2.15025
 spring_const_next_neighbors [eV/A/A] = 1.07513
                     misfit_coeff [A] = 0.04236
                              D [1/s] = 5.19588e+12
                               E [eV] = 0.53000
                     bond_energy [eV] = 0.40000
                               grid_x = 500
                               grid_y = 80
                     substrate_height = 16
           local_relaxation_range_min = 10
           local_relaxation_range_max = 10
                     time_fluence [s] = 8.000
                  simulation_time [s] = 2.000
                      diffusion_range = 8
              deposition_speed [ML/s] = 0.080
                      temperature [K] = 600
=====================================================

           iter       sim_time      new_atoms         pr_acc   real_time[s]        duv_max
           1000       0.002021              1         1.0000            1.0          0.025
           2000       0.002933              2         1.0000            2.1          0.025
           3000       0.003455              2         1.0000            3.2          0.025
           4000       0.007329              5         1.0000            4.3          0.094
           5000       0.012232              7         1.0000            5.5          0.126
           6000       0.012976              8         1.0000            6.6          0.126
           7000       0.013868              8         1.0000            7.7          0.150
           8000       0.014380              8         1.0000            8.8          0.151
           9000       0.015132              9         1.0000            9.9          0.171
          10000       0.015414             10         1.0000           10.9          0.187
          11000       0.016466             10         1.0000           12.0          0.186
          12000       0.018136             10         1.0000           13.2          0.172
          13000       0.019046             10         1.0000           14.3          0.151
          14000       0.019620             10         1.0000           15.4          0.150
          15000       0.021385             11         1.0000           16.5          0.170
          16000       0.022180             14         1.0000           17.6          0.172
          17000       0.025877             17         1.0000           18.7          0.172
          18000       0.027473             18         1.0000           19.7          0.169
          19000       0.029537             20         1.0000           20.8          0.171
          20000       0.030557             20         1.0000           22.0          0.170
          21000       0.031393             22         1.0000           23.1          0.171
          22000       0.033118             23         1.0000           24.2          0.189
          23000       0.036124             25         1.0000           25.3          0.212
          24000       0.040797             27         0.9999           26.4          0.220
          25000       0.041726             29         0.9999           27.5          0.232
          26000       0.042590             31         0.9999           28.6          0.238
          27000       0.044000             33         0.9999           29.7          0.239
          28000       0.046689             36         0.9999           30.8          0.238
          29000       0.049111             40         0.9999           31.9          0.231
          30000       0.053699             44         0.9999           32.9          0.231
          31000       0.055237             45         0.9999           34.0          0.233
          32000       0.056003             45         0.9999           35.1          0.232
          33000       0.058185             48         0.9999           36.2          0.232
          34000       0.061765             51         0.9999           37.3          0.233
          35000       0.063842             53         0.9998           38.4          0.241
          36000       0.067800             59         0.9998           39.4          0.241
          37000       0.071210             63         0.9998           40.5          0.242
          38000       0.074245             63         0.9998           41.5          0.243
          39000       0.075470             63         0.9998           42.6          0.237
          40000       0.078201             65         0.9998           43.6          0.238
          41000       0.082592             71         0.9997           44.6          0.265
          42000       0.086449             73         0.9996           45.7          0.265
          43000       0.089289             75         0.9996           46.8          0.266
          44000       0.091679             79         0.9996           47.9          0.281
          45000       0.094676             84         0.9995           48.9          0.261
          46000       0.097489             88         0.9995           50.0          0.267
          47000       0.101400             91         0.9995           51.0          0.285
          48000       0.104974             91         0.9994           52.1          0.287
          49000       0.108893             98         0.9994           53.1          0.285
          50000       0.112789            102         0.9994           54.1          0.288
          51000       0.115880            104         0.9994           55.1          0.288
          52000       0.118827            106         0.9994           56.2          0.298
          53000       0.122554            109         0.9994           57.2          0.352
          54000       0.126149            113         0.9994           58.3          0.315
          55000       0.126939            113         0.9994           59.3          0.303
          56000       0.129594            114         0.9994           60.4          0.302
          57000       0.133280            117         0.9994           61.4          0.300
          58000       0.135779            120         0.9994           62.5          0.297
          59000       0.138690            124         0.9994           63.5          0.306
          60000       0.141667            127         0.9994           64.6          0.394
          61000       0.143997            127         0.9994           65.6          0.335
          62000       0.148178            132         0.9994           66.6          0.326
          63000       0.151191            135         0.9994           67.7          0.340
          64000       0.156350            140         0.9993           68.7          0.403
          65000       0.160065            141         0.9993           69.7          0.400
          66000       0.164218            144         0.9993           70.7          0.380
          67000       0.167283            149         0.9993           71.7          0.368
          68000       0.169648            150         0.9993           72.8          0.369
          69000       0.172783            152         0.9993           73.8          0.303
          70000       0.174473            157         0.9993           74.8          0.317
          71000       0.177379            164         0.9993           75.9          0.356
          72000       0.178923            166         0.9993           76.9          0.370
          73000       0.181123            168         0.9993           77.9          0.456
          74000       0.184515            170         0.9992           78.9          0.355
          75000       0.186305            173         0.9992           79.9          0.340
          76000       0.189138            173         0.9992           80.9          0.362
          77000       0.192018            176         0.9992           81.9          0.341
          78000       0.195655            179         0.9992           82.9          0.359
          79000       0.199663            186         0.9992           83.9          0.376
          80000       0.201839            187         0.9992           84.9          0.395
          81000       0.204340            188         0.9992           86.0          0.472
          82000       0.207301            191         0.9992           87.0          0.398
          83000       0.211170            193         0.9992           88.0          0.408
          84000       0.215067            196         0.9992           89.0          0.412
          85000       0.217971            200         0.9992           90.0          0.364
          86000       0.220709            206         0.9992           91.0          0.355
          87000       0.223747            210         0.9992           92.0          0.365
          88000       0.226845            213         0.9992           93.0          0.371
          89000       0.230001            217         0.9992           94.0          0.415
          90000       0.233611            221         0.9992           94.9          0.403
          91000       0.235595            224         0.9992           96.0          0.467
          92000       0.239145            229         0.9992           96.9          0.369
          93000       0.241875            231         0.9991           97.9          0.406
          94000       0.244379            236         0.9991           98.9          0.372
          95000       0.247370            238         0.9991           99.9          0.403
          96000       0.251452            242         0.9991          100.9          0.443
          97000       0.253895            248         0.9991          101.9          0.407
          98000       0.257627            253         0.9992          102.9          0.397
          99000       0.259859            256         0.9992          104.0          0.458
         100000       0.263482            259         0.9991          105.0          0.460
         101000       0.266862            262         0.9991          106.0          0.372
         102000       0.270785            269         0.9991          107.0          0.477
         103000       0.275521            271         0.9991          108.1          0.486
         104000       0.278611            272         0.9990          109.1          0.506
         105000       0.282278            277         0.9990          110.1          0.453
         106000       0.285539            280         0.9990          111.1          0.490
         107000       0.288342            284         0.9990          112.1          0.452
         108000       0.291056            287         0.9990          113.2          0.500
         109000       0.292822            291         0.9990          114.2          0.501
         110000       0.296619            292         0.9990          115.2          0.500
         111000       0.300624            296         0.9990          116.3          0.407
         112000       0.303075            300         0.9990          117.3          0.508
         113000       0.306739            303         0.9990          118.3          0.406
         114000       0.309302            305         0.9990          119.3          0.402
         115000       0.312676            309         0.9990          120.4          0.363
         116000       0.314749            310         0.9990          121.4          0.388
         117000       0.318005            314         0.9990          122.4          0.408
         118000       0.321234            316         0.9989          123.5          0.499
         119000       0.324598            318         0.9989          124.5          0.497
         120000       0.328297            323         0.9989          125.5          0.497
         121000       0.330666            324         0.9989          126.5          0.480
         122000       0.333581            328         0.9989          127.5          0.429
         123000       0.337755            332         0.9989          128.5          0.421
         124000       0.340045            335         0.9989          129.5          0.451
         125000       0.342510            337         0.9989          130.5          0.418
         126000       0.346652            338         0.9989          131.5          0.470
         127000       0.350334            342         0.9989          132.5          0.393
         128000       0.352539            343         0.9989          133.5          0.472
         129000       0.355137            348         0.9989          134.5          0.425
         130000       0.357350            352         0.9989          135.5          0.491
         131000       0.360455            357         0.9989          136.5          0.447
         132000       0.363430            358         0.9989          137.5          0.457
         133000       0.366185            363         0.9988          138.5          0.467
         134000       0.368550            365         0.9989          139.6          0.403
         135000       0.371085            367         0.9988          140.6          0.459
         136000       0.375524            370         0.9988          141.6          0.467
         137000       0.378805            372         0.9988          142.6          0.467
         138000       0.381215            374         0.9988          143.7          0.467
         139000       0.384606            374         0.9988          144.7          0.444
         140000       0.389156            379         0.9988          145.8          0.396
         141000       0.392149            382         0.9988          146.8          0.390
         142000       0.395253            385         0.9988          147.8          0.365
         143000       0.398878            388         0.9987          148.8          0.402
         144000       0.401843            390         0.9987          149.9          0.397
         145000       0.405306            392         0.9987          150.9          0.381
         146000       0.408097            392         0.9987          151.9          0.368
         147000       0.411449            395         0.9987          152.9          0.430
         148000       0.415149            399         0.9987          153.9          0.358
         149000       0.418262            403         0.9986          154.9          0.357
         150000       0.421795            408         0.9986          155.9          0.378
         151000       0.425422            412         0.9986          156.9          0.355
         152000       0.427857            417         0.9986          158.0          0.434
         153000       0.432187            420         0.9986          159.1          0.411
         154000       0.434709            423         0.9986          160.1          0.376
         155000       0.437976            428         0.9986          161.2          0.344
         156000       0.440790            431         0.9986          162.2          0.401
         157000       0.444633            437         0.9986          163.2          0.354
         158000       0.447153            439         0.9986          164.2          0.329
         159000       0.449075            439         0.9986          165.2          0.339
         160000       0.451368            442         0.9986          166.2          0.342
         161000       0.454457            446         0.9986          167.2          0.349
         162000       0.457747            449         0.9986          168.2          0.363
         163000       0.459495            451         0.9986          169.3          0.364
         164000       0.461171            452         0.9986          170.3          0.362
         165000       0.463739            454         0.9986          171.4          0.368
         166000       0.466429            459         0.9986          172.3          0.359
         167000       0.471095            461         0.9986          173.3          0.398
         168000       0.474756            464         0.9986          174.4          0.397
         169000       0.477716            472         0.9986          175.4          0.402
         170000       0.480774            472         0.9986          176.5          0.411
         171000       0.484944            472         0.9986          177.5          0.471
         172000       0.488771            476         0.9985          178.5          0.527
         173000       0.492220            477         0.9985          179.5          0.446
         174000       0.495442            482         0.9985          180.5          0.413
         175000       0.498991            487         0.9985          181.6          0.518
         176000       0.501776            489         0.9985          182.6          0.531
         177000       0.504912            493         0.9985          183.7          0.429
         178000       0.507262            496         0.9985          184.7          0.420
         179000       0.510434            497         0.9985          185.7          0.371
         180000       0.513291            504         0.9985          186.8          0.388
         181000       0.517013            507         0.9985          187.8          0.364
         182000       0.520937            513         0.9985          188.8          0.360
         183000       0.524604            521         0.9984          189.8          0.374
         184000       0.526905            524         0.9984          190.8          0.419
         185000       0.530107            527         0.9984          191.9          0.396
         186000       0.533722            531         0.9984          192.9          0.405
         187000       0.536948            534         0.9984          193.9          0.536
         188000       0.540147            537         0.9984          194.9          0.458
         189000       0.542451            540         0.9984          196.0          0.535
         190000       0.545095            542         0.9984          197.0          0.517
         191000       0.547632            543         0.9984          198.1          0.453
         192000       0.550582            545         0.9985          199.2          0.451
         193000       0.554255            550         0.9984          200.2          0.486
         194000       0.556502            552         0.9984          201.2          0.450
         195000       0.559866            555         0.9984          202.2          0.402
         196000       0.562850            556         0.9984          203.3          0.481
         197000       0.566784            564         0.9984          204.3          0.493
         198000       0.568741            565         0.9984          205.3          0.443
         199000       0.572066            568         0.9984          206.3          0.416
         200000       0.575282            571         0.9984          207.4          0.431
         201000       0.578137            572         0.9984          208.4          0.399
         202000       0.581899            576         0.9984          209.5          0.443
         203000       0.585753            580         0.9984          210.5          0.422
         204000       0.589456            584         0.9983          211.5          0.599
         205000       0.592960            586         0.9983          212.6          0.493
         206000       0.596683            591         0.9983          213.6          0.478
         207000       0.599951            594         0.9983          214.6          0.538
         208000       0.603104            596         0.9983          215.7          0.466
         209000       0.606357            600         0.9983          216.7          0.540
         210000       0.609039            603         0.9983          217.8          0.521
         211000       0.611210            604         0.9983          218.9          0.499
         212000       0.614435            608         0.9983          219.9          0.475
         213000       0.616626            612         0.9983          221.0          0.468
         214000       0.620105            613         0.9983          222.0          0.520
         215000       0.623762            615         0.9983          223.0          0.546
         216000       0.627860            619         0.9983          224.0          0.555
         217000       0.631461            622         0.9982          225.1          0.593
         218000       0.633903            626         0.9983          226.1          0.602
         219000       0.637872            627         0.9982          227.2          0.578
         220000       0.640859            632         0.9982          228.3          0.561
         221000       0.644155            633         0.9982          229.3          0.675
         222000       0.647781            637         0.9982          230.4          0.546
         223000       0.651705            638         0.9982          231.4          0.560
         224000       0.654305            641         0.9982          232.5          0.505
         225000       0.657610            644         0.9982          233.5          0.496
         226000       0.661203            646         0.9982          234.5          0.497
         227000       0.664381            654         0.9982          235.6          0.543
         228000       0.667147            657         0.9982          236.6          0.545
         229000       0.669586            661         0.9982          237.7          0.543
         230000       0.673029            664         0.9982          238.8          0.519
         231000       0.676338            668         0.9982          239.9          0.583
         232000       0.679169            671         0.9982          240.9          0.520
         233000       0.682425            675         0.9982          242.0          0.464
         234000       0.684915            677         0.9982          243.1          0.474
         235000       0.688491            682         0.9982          244.2          0.472
         236000       0.691526            686         0.9981          245.2          0.497
         237000       0.695540            690         0.9981          246.3          0.508
         238000       0.699066            693         0.9981          247.4          0.654
         239000       0.703155            694         0.9981          248.4          0.699
         240000       0.705742            696         0.9981          249.5          0.666
         241000       0.708747            699         0.9981          250.5          0.678
         242000       0.710756            701         0.9981          251.6          0.711
         243000       0.714323            703         0.9981          252.6          0.656
         244000       0.718146            708         0.9981          253.7          0.463
         245000       0.721398            712         0.9981          254.7          0.485
         246000       0.724346            716         0.9981          255.7          0.481
         247000       0.728028            718         0.9981          256.8          0.538
         248000       0.730836            719         0.9981          257.8          0.553
         249000       0.735212            724         0.9980          258.8          0.600
         250000       0.739741            726         0.9980          259.9          0.564
         251000       0.742801            732         0.9980          261.0          0.540
         252000       0.745926            737         0.9980          262.0          0.572
         253000       0.749307            739         0.9980          263.1          0.587
         254000       0.754230            747         0.9980          264.1          0.722
         255000       0.757489            750         0.9980          265.2          0.649
         256000       0.761082            756         0.9980          266.2          0.665
         257000       0.764800            760         0.9980          267.3          0.639
         258000       0.767293            762         0.9980          268.4          0.585
         259000       0.768954            763         0.9980          269.4          0.629
         260000       0.772979            766         0.9980          270.4          0.539
         261000       0.776192            769         0.9980          271.4          0.521
         262000       0.780071            775         0.9980          272.5          0.599
         263000       0.782166            778         0.9980          273.5          0.587
         264000       0.784129            781         0.9980          274.6          0.617
         265000       0.787257            785         0.9980          275.7          0.648
         266000       0.790629            792         0.9980          276.7          0.564
         267000       0.792944            793         0.9980          277.8          0.545
         268000       0.796610            794         0.9980          278.8          0.603
         269000       0.798873            799         0.9980          279.9          0.555
         270000       0.802205            801         0.9980          280.9          0.519
         271000       0.804685            807         0.9979          282.0          0.622
         272000       0.808919            808         0.9979          283.0          0.529
         273000       0.811472            809         0.9979          284.1          0.577
         274000       0.814997            814         0.9979          285.1          0.627
         275000       0.817617            815         0.9979          286.1          0.587
         276000       0.819869            818         0.9979          287.2          0.603
         277000       0.823518            824         0.9979          288.2          0.564
         278000       0.824460            827         0.9979          289.2          0.560
         279000       0.826682            833         0.9979          290.2          0.577
         280000       0.829755            835         0.9979          291.3          0.592
         281000       0.833001            837         0.9979          292.3          0.530
         282000       0.836058            840         0.9979          293.4          0.515
         283000       0.838882            845         0.9979          294.4          0.574
         284000       0.841781            848         0.9979          295.4          0.521
         285000       0.844749            851         0.9979          296.4          0.535
         286000       0.847780            853         0.9979          297.5          0.556
         287000       0.849632            855         0.9979          298.5          0.562
         288000       0.854608            858         0.9979          299.6          0.548
         289000       0.857227            862         0.9979          300.6          0.526
         290000       0.859520            864         0.9979          301.7          0.551
         291000       0.862981            867         0.9979          302.7          0.566
         292000       0.865359            867         0.9979          303.8          0.550
         293000       0.867999            872         0.9979          304.8          0.557
         294000       0.871266            876         0.9979          305.8          0.492
         295000       0.874300            879         0.9979          306.8          0.520
         296000       0.878017            881         0.9979          307.9          0.501
         297000       0.880663            886         0.9979          308.9          0.525
         298000       0.884332            889         0.9979          309.9          0.541
         299000       0.889116            892         0.9979          310.9          0.493
         300000       0.891907            896         0.9979          312.0          0.538
         301000       0.896595            903         0.9979          313.0          0.512
         302000       0.900283            910         0.9978          314.0          0.603
         303000       0.904000            917         0.9978          315.0          0.540
         304000       0.907314            921         0.9978          316.1          0.695
         305000       0.910305            922         0.9978          317.1          0.664
         306000       0.913730            925         0.9978          318.1          0.704
         307000       0.917612            928         0.9978          319.2          0.631
         308000       0.921268            934         0.9978          320.2          0.642
         309000       0.925609            937         0.9978          321.2          0.644
         310000       0.928994            939         0.9978          322.3          0.698
         311000       0.932396            941         0.9978          323.3          0.637
         312000       0.936569            947         0.9978          324.4          0.613
         313000       0.940264            950         0.9978          325.4          0.669
         314000       0.943046            952         0.9978          326.4          0.716
         315000       0.946098            958         0.9978          327.4          0.648
         316000       0.949275            961         0.9978          328.5          0.623
         317000       0.952693            965         0.9978          329.5          0.620
         318000       0.956411            969         0.9978          330.6          0.598
         319000       0.960017            973         0.9977          331.6          0.687
         320000       0.963877            977         0.9977          332.7          0.590
         321000       0.966407            982         0.9977          333.7          0.632
         322000       0.969434            984         0.9977          334.8          0.737
         323000       0.972328            985         0.9977          335.8          0.738
         324000       0.975395            992         0.9977          336.9          0.686
         325000       0.978496            995         0.9977          337.9          0.675
         326000       0.982218            998         0.9977          339.0          0.687
         327000       0.985552           1001         0.9977          340.0          0.583
         328000       0.989500           1004         0.9977          341.0          0.637
         329000       0.992435           1008         0.9977          342.0          0.652
         330000       0.996315           1010         0.9977          343.1          0.750
         331000       1.000671           1012         0.9977          344.1          0.727
         332000       1.004100           1017         0.9977          345.1          0.724
         333000       1.007236           1021         0.9977          346.1          0.715
         334000       1.011434           1023         0.9976          347.1          0.704
         335000       1.014672           1025         0.9976          348.1          0.685
         336000       1.017410           1028         0.9976          349.2          0.685
         337000       1.020352           1028         0.9976          350.2          0.733
         338000       1.023482           1029         0.9976          351.3          0.705
         339000       1.026618           1032         0.9976          352.3          0.778
         340000       1.030392           1037         0.9976          353.3          0.800
         341000       1.033384           1042         0.9976          354.4          0.698
         342000       1.036616           1046         0.9976          355.4          0.681
         343000       1.039522           1049         0.9976          356.5          0.669
         344000       1.042777           1051         0.9976          357.5          0.573
         345000       1.046095           1056         0.9976          358.5          0.622
         346000       1.049709           1062         0.9976          359.5          0.590
         347000       1.052750           1068         0.9976          360.6          0.644
         348000       1.055698           1070         0.9976          361.6          0.637
         349000       1.058947           1073         0.9976          362.6          0.681
         350000       1.062636           1079         0.9976          363.7          0.670
         351000       1.066420           1083         0.9975          364.7          0.682
         352000       1.070335           1086         0.9975          365.8          0.709
         353000       1.074023           1091         0.9975          366.8          0.623
         354000       1.078460           1097         0.9975          367.8          0.537
         355000       1.081977           1102         0.9975          368.8          0.632
         356000       1.084883           1108         0.9975          369.9          0.604
         357000       1.087722           1113         0.9975          370.9          0.637
         358000       1.091107           1117         0.9975          371.9          0.635
         359000       1.094216           1120         0.9975          372.9          0.609
         360000       1.097399           1122         0.9975          373.9          0.645
         361000       1.100412           1126         0.9975          374.9          0.691
         362000       1.104332           1132         0.9974          375.9          0.771
         363000       1.107180           1133         0.9974          376.9          0.735
         364000       1.110760           1137         0.9974          378.0          0.659
         365000       1.113481           1142         0.9974          379.0          0.627
         366000       1.116995           1147         0.9974          380.0          0.633
         367000       1.119789           1150         0.9974          381.0          0.685
         368000       1.122570           1150         0.9974          382.0          0.687
         369000       1.126201           1154         0.9974          383.0          0.675
         370000       1.128977           1158         0.9974          384.1          0.689
         371000       1.132826           1162         0.9974          385.1          0.756
         372000       1.136147           1165         0.9974          386.2          0.772
         373000       1.139745           1173         0.9974          387.2          0.668
         374000       1.143421           1181         0.9974          388.2          0.811
         375000       1.146163           1183         0.9974          389.2          0.857
         376000       1.150075           1188         0.9974          390.2          0.746
         377000       1.153576           1191         0.9974          391.3          0.889
         378000       1.156168           1194         0.9974          392.3          0.860
         379000       1.159466           1197         0.9974          393.4          0.800
         380000       1.162861           1200         0.9974          394.4          0.861
         381000       1.165665           1200         0.9974          395.5          0.825
         382000       1.168467           1203         0.9974          396.5          0.830
         383000       1.172208           1207         0.9974          397.5          0.821
         384000       1.175278           1208         0.9974          398.6          0.793
         385000       1.178572           1209         0.9974          399.6          0.734
         386000       1.182183           1212         0.9974          400.6          0.721
         387000       1.185761           1216         0.9974          401.6          0.705
         388000       1.188848           1217         0.9974          402.6          0.740
         389000       1.192515           1225         0.9974          403.6          0.847
         390000       1.196422           1229         0.9973          404.7          0.887
         391000       1.199517           1231         0.9973          405.7          0.769
         392000       1.202037           1234         0.9973          406.7          0.830
         393000       1.205051           1238         0.9973          407.7          0.879
         394000       1.207910           1244         0.9973          408.8          0.864
         395000       1.211336           1247         0.9973          409.9          0.720
         396000       1.215273           1251         0.9973          410.9          0.763
         397000       1.218594           1254         0.9973          411.9          0.830
         398000       1.222169           1255         0.9973          412.9          0.858
         399000       1.225126           1262         0.9973          413.9          0.878
         400000       1.228830           1266         0.9973          414.9          0.829
         401000       1.232080           1271         0.9973          415.9          0.840
         402000       1.233800           1275         0.9973          416.9          0.855
         403000       1.236890           1277         0.9973          417.9          0.841
         404000       1.238592           1279         0.9973          419.0          0.782
         405000       1.241260           1280         0.9973          420.0          0.778
         406000       1.244883           1282         0.9973          421.1          0.757
         407000       1.248819           1286         0.9973          422.1          0.726
         408000       1.252317           1291         0.9973          423.2          0.681
         409000       1.255407           1296         0.9973          424.2          0.714
         410000       1.258644           1301         0.9973          425.2          0.692
         411000       1.261137           1303         0.9973          426.3          0.741
         412000       1.263707           1307         0.9973          427.3          0.785
         413000       1.267294           1309         0.9973          428.4          0.781
         414000       1.270256           1313         0.9973          429.4          0.710
         415000       1.274456           1316         0.9973          430.5          0.827
         416000       1.277269           1317         0.9973          431.5          0.845
         417000       1.279730           1320         0.9973          432.6          0.821
         418000       1.283072           1322         0.9973          433.7          0.815
         419000       1.286059           1325         0.9973          434.7          0.807
         420000       1.290441           1330         0.9972          435.7          0.779
         421000       1.294458           1338         0.9972          436.8          0.787
         422000       1.297843           1343         0.9972          437.8          0.779
         423000       1.300554           1345         0.9972          438.8          0.795
         424000       1.304798           1351         0.9972          439.8          0.822
         425000       1.308531           1356         0.9972          440.9          0.840
         426000       1.311367           1358         0.9972          441.9          0.849
         427000       1.314978           1359         0.9972          442.9          0.860
         428000       1.319462           1363         0.9972          443.9          0.829
         429000       1.323198           1366         0.9972          445.0          0.902
         430000       1.326841           1369         0.9972          446.0          0.909
         431000       1.329794           1376         0.9972          447.1          0.799
         432000       1.332852           1379         0.9972          448.1          0.808
         433000       1.336314           1381         0.9972          449.1          0.790
         434000       1.338929           1383         0.9972          450.2          0.878
         435000       1.342925           1387         0.9972          451.2          0.835
         436000       1.346624           1391         0.9972          452.3          0.854
         437000       1.350389           1393         0.9972          453.3          0.892
         438000       1.354219           1398         0.9972          454.3          0.846
         439000       1.357393           1400         0.9971          455.3          0.862
         440000       1.360744           1403         0.9971          456.3          0.913
         441000       1.363558           1405         0.9971          457.3          0.840
         442000       1.367399           1410         0.9971          458.3          0.862
         443000       1.371163           1414         0.9971          459.3          0.839
         444000       1.373841           1419         0.9971          460.4          0.925
         445000       1.377356           1421         0.9971          461.4          0.939
         446000       1.381214           1423         0.9971          462.4          0.885
         447000       1.384860           1430         0.9971          463.5          0.934
         448000       1.388508           1436         0.9971          464.5          0.826
         449000       1.391821           1438         0.9971          465.5          0.756
         450000       1.394790           1441         0.9971          466.6          0.809
         451000       1.397823           1443         0.9971          467.7          0.778
         452000       1.401169           1447         0.9970          468.7          0.747
         453000       1.404150           1451         0.9970          469.7          0.767
         454000       1.407369           1456         0.9970          470.7          0.779
         455000       1.410595           1458         0.9970          471.7          0.797
         456000       1.414482           1464         0.9970          472.7          0.861
         457000       1.417366           1466         0.9970          473.8          0.913
         458000       1.420691           1467         0.9970          474.8          0.918
         459000       1.424726           1471         0.9970          475.8          0.841
         460000       1.427669           1478         0.9970          476.8          0.927
         461000       1.431193           1481         0.9970          477.8          0.915
         462000       1.434605           1488         0.9970          478.9          0.907
         463000       1.438413           1494         0.9970          479.9          0.940
         464000       1.442473           1497         0.9970          480.9          0.978
         465000       1.445842           1498         0.9970          481.9          0.952
         466000       1.449755           1502         0.9970          483.0          0.910
         467000       1.452902           1504         0.9970          484.0          0.928
         468000       1.455986           1509         0.9970          485.0          0.825
         469000       1.459829           1511         0.9969          486.0          0.917
         470000       1.462638           1515         0.9969          487.0          0.818
         471000       1.465972           1516         0.9969          488.0          0.801
         472000       1.470572           1524         0.9969          489.0          0.785
         473000       1.473895           1525         0.9969          490.0          0.751
         474000       1.477760           1528         0.9969          491.1          0.781
         475000       1.481092           1530         0.9969          492.1          0.755
         476000       1.484049           1535         0.9969          493.1          0.795
         477000       1.487380           1536         0.9969          494.1          0.696
         478000       1.490686           1542         0.9969          495.2          0.726
         479000       1.493889           1547         0.9969          496.2          0.743
         480000       1.497371           1548         0.9969          497.2          0.800
         481000       1.500535           1549         0.9969          498.2          0.813
         482000       1.503781           1554         0.9968          499.2          0.899
         483000       1.507083           1556         0.9968          500.3          0.869
         484000       1.510105           1560         0.9968          501.3          0.895
         485000       1.513686           1562         0.9968          502.3          0.910
         486000       1.517091           1564         0.9968          503.3          0.882
         487000       1.520235           1569         0.9968          504.3          0.824
         488000       1.523616           1572         0.9968          505.4          0.736
         489000       1.527603           1578         0.9968          506.4          0.716
         490000       1.531211           1584         0.9968          507.5          0.733
         491000       1.534899           1588         0.9968          508.5          0.698
         492000       1.538795           1593         0.9968          509.6          0.826
         493000       1.542529           1596         0.9968          510.6          0.772
         494000       1.545298           1596         0.9968          511.6          0.715
         495000       1.548278           1599         0.9968          512.7          0.716
         496000       1.552547           1612         0.9968          513.7          0.720
         497000       1.556309           1620         0.9968          514.7          0.736
         498000       1.558881           1620         0.9968          515.8          0.787
         499000       1.562376           1623         0.9968          516.8          0.698
         500000       1.565823           1627         0.9967          517.9          0.760
         501000       1.569068           1632         0.9967          518.9          0.725
         502000       1.572669           1639         0.9967          519.9          0.731
         503000       1.576565           1640         0.9967          521.0          0.760
         504000       1.579860           1646         0.9967          522.0          0.801
         505000       1.583250           1649         0.9967          523.0          0.725
         506000       1.586285           1654         0.9967          524.1          0.804
         507000       1.589189           1657         0.9967          525.1          0.877
         508000       1.592362           1659         0.9967          526.1          0.974
         509000       1.596133           1664         0.9967          527.2          0.936
         510000       1.599414           1669         0.9967          528.2          0.875
         511000       1.602876           1674         0.9967          529.3          0.891
         512000       1.606406           1680         0.9967          530.3          0.859
         513000       1.609970           1682         0.9967          531.3          0.863
         514000       1.613271           1686         0.9967          532.3          0.801
         515000       1.616979           1687         0.9967          533.3          0.779
         516000       1.619908           1691         0.9967          534.3          0.776
         517000       1.622635           1693         0.9967          535.3          0.855
         518000       1.625955           1696         0.9967          536.4          0.823
         519000       1.629643           1698         0.9967          537.4          0.776
         520000       1.632134           1703         0.9967          538.4          0.759
         521000       1.634660           1704         0.9966          539.4          0.739
         522000       1.638288           1708         0.9966          540.4          0.783
         523000       1.642294           1710         0.9966          541.4          0.829
         524000       1.645429           1712         0.9966          542.4          0.756
         525000       1.648400           1717         0.9966          543.5          0.841
         526000       1.651277           1720         0.9966          544.5          0.711
         527000       1.654199           1721         0.9966          545.5          0.805
         528000       1.657247           1724         0.9966          546.6          0.870
         529000       1.660851           1726         0.9966          547.6          0.775
         530000       1.664483           1729         0.9966          548.7          0.903
         531000       1.667872           1737         0.9966          549.7          0.885
         532000       1.670741           1738         0.9966          550.7          0.832
         533000       1.675102           1742         0.9966          551.7          0.819
         534000       1.678912           1745         0.9966          552.8          0.838
         535000       1.681581           1747         0.9966          553.8          0.880
         536000       1.684944           1753         0.9966          554.8          0.839
         537000       1.688412           1755         0.9965          555.8          0.815
         538000       1.692193           1758         0.9965          556.8          0.836
         539000       1.694856           1759         0.9965          557.8          0.877
         540000       1.698672           1763         0.9965          558.9          0.853
         541000       1.702192           1768         0.9965          559.9          0.875
         542000       1.704884           1770         0.9965          561.0          0.878
         543000       1.707653           1772         0.9965          562.0          0.863
         544000       1.711538           1776         0.9965          563.0          0.899
         545000       1.715448           1783         0.9965          564.1          0.882
         546000       1.719502           1786         0.9965          565.1          0.864
         547000       1.723410           1790         0.9965          566.1          0.799
         548000       1.726834           1797         0.9965          567.1          0.786
         549000       1.728837           1798         0.9965          568.2          0.848
         550000       1.733020           1802         0.9965          569.2          1.024
         551000       1.736857           1802         0.9965          570.2          1.020
         552000       1.739804           1809         0.9965          571.2          0.940
         553000       1.743188           1810         0.9965          572.2          0.977
         554000       1.745991           1815         0.9965          573.3          1.041
         555000       1.750824           1818         0.9964          574.3          1.034
         556000       1.753788           1819         0.9964          575.3          0.947
         557000       1.757526           1822         0.9964          576.3          0.959
         558000       1.760625           1825         0.9964          577.3          1.017
         559000       1.764719           1830         0.9964          578.4          0.925
         560000       1.768392           1834         0.9964          579.4          1.038
         561000       1.771926           1841         0.9964          580.4          1.058
         562000       1.774691           1847         0.9964          581.5          1.010
         563000       1.778510           1849         0.9964          582.5          0.944
         564000       1.782439           1853         0.9964          583.5          1.031
         565000       1.785569           1855         0.9964          584.6          0.910
         566000       1.789127           1859         0.9964          585.6          0.913
         567000       1.792423           1862         0.9964          586.7          0.918
         568000       1.795680           1864         0.9963          587.7          1.010
         569000       1.798319           1866         0.9963          588.7          0.946
         570000       1.801502           1876         0.9963          589.8          0.964
         571000       1.804484           1876         0.9963          590.8          1.051
         572000       1.806956           1877         0.9963          591.9          1.002
         573000       1.810323           1878         0.9963          592.9          0.940
         574000       1.814039           1882         0.9963          594.0          0.942
         575000       1.816967           1885         0.9963          595.0          0.964
         576000       1.820309           1889         0.9963          596.1          0.907
         577000       1.822905           1893         0.9963          597.1          0.990
         578000       1.825165           1895         0.9963          598.1          1.071
         579000       1.828742           1899         0.9963          599.2          1.009
         580000       1.832248           1905         0.9963          600.2          0.941
         581000       1.834713           1908         0.9963          601.2          0.951
         582000       1.838568           1912         0.9963          602.2          1.068
         583000       1.841397           1916         0.9963          603.3          1.087
         584000       1.843632           1919         0.9963          604.3          1.087
         585000       1.847569           1923         0.9963          605.3          0.956
         586000       1.850575           1924         0.9963          606.3          0.974
         587000       1.854547           1927         0.9963          607.4          1.060
         588000       1.858050           1927         0.9963          608.5          1.063
         589000       1.861857           1929         0.9963          609.5          1.060
         590000       1.865762           1932         0.9963          610.5          0.952
         591000       1.869337           1937         0.9963          611.5          0.944
         592000       1.873214           1940         0.9963          612.5          0.908
         593000       1.876713           1943         0.9963          613.6          0.834
         594000       1.879122           1949         0.9963          614.6          0.886
         595000       1.882720           1954         0.9963          615.7          0.905
         596000       1.886849           1962         0.9963          616.7          0.930
         597000       1.890369           1962         0.9963          617.8          0.919
         598000       1.893911           1968         0.9962          618.8          0.896
         599000       1.897673           1974         0.9962          619.8          1.011
         600000       1.901102           1979         0.9962          620.8          1.016
         601000       1.903303           1981         0.9962          621.8          1.018
         602000       1.905695           1988         0.9962          622.9          0.941
         603000       1.909160           1992         0.9962          623.9          1.003
         604000       1.912200           1997         0.9962          624.9          1.018
         605000       1.915982           2000         0.9962          625.9          0.997
         606000       1.918523           2002         0.9962          627.0          0.969
         607000       1.921405           2005         0.9962          628.0          0.992
         608000       1.924650           2007         0.9962          629.0          0.958
         609000       1.926941           2010         0.9962          630.0          0.907
         610000       1.930189           2010         0.9962          631.0          0.929
         611000       1.933200           2010         0.9962          632.0          0.874
         612000       1.936440           2012         0.9962          633.0          0.907
         613000       1.938767           2013         0.9962          634.1          0.881
         614000       1.942512           2015         0.9962          635.1          0.960
         615000       1.946689           2021         0.9962          636.1          0.979
         616000       1.949853           2026         0.9961          637.2          1.030
         617000       1.952320           2027         0.9961          638.2          1.027
         618000       1.955919           2031         0.9961          639.2          0.995
         619000       1.959554           2034         0.9961          640.3          1.022
         620000       1.962375           2036         0.9961          641.3          1.017
         621000       1.966029           2041         0.9961          642.4          0.921
         622000       1.968434           2043         0.9961          643.4          0.880
         623000       1.972379           2047         0.9961          644.4          0.912
         624000       1.974604           2051         0.9961          645.4          0.970
         625000       1.977104           2053         0.9961          646.4          0.999
         626000       1.980531           2053         0.9961          647.5          0.994
         627000       1.982757           2054         0.9961          648.5          0.960
         628000       1.985683           2057         0.9961          649.5          1.009
         629000       1.988673           2063         0.9961          650.6          0.941
         630000       1.991973           2065         0.9961          651.6          0.827
         631000       1.995929           2068         0.9961          652.6          0.919
         632000       1.999736           2073         0.9960          653.6          0.923
